993046
89690
109416
72937
9720482
1896318
6238355
2730340
73029
107873
9606368
72931
10230822
1884176
993047
4260874
2418284
993050
24281211
993049
69236
24281209
1132540
1233729
2638913
72955
72933
8291496
2215284
2638798
3058601
24281206
10322524
72934
993048
1739624
72974
72935
10244415
1317928
1144722
19293996
993052
1254081
14564139
1132541
72984
1436809
1144875
1254069
14543063
14543066
26843091
25253634
1482477
1121818
1121815
14330038
11494211
19932375
1016462
1386628
1564413
22494908
14245154
1192753
4134968
72909
13334512
23937783
9881697
3058512
2307070
30615662
19207735
15356459
10602637
25974511
19204037
26964783
14245161
16566944
10244419
26329694
28243143
4718055
28488467
2664047
14245155
22494173
1016460
29129734
22772095
29386390
14925309
14245159
7524005
6799194
22723017
16566946
6799987
28310197
15356463
14145623
19078533
29096291
14330039
25191028
12911507
23572204
12911514
10198492
12911530
23372566
10916846
25284404
8653459
25251667
27720710
10916834
25378249
14330034
72989
14245158
73014
15356461
18394347
6800079
14830376
29745111
10244418
14330023
6800471
13191992
13482850
6798887
3805800
18722922
9881693
20470763
29702129
10916851
9921363
28489407
14924951
27718279
28488815
28156279
22723059
13271127
29053918
25759719
10896552
10916826
27575193
27774916
25632174
10198529
10916824
6851871
11274609
14145637
10230870
8653502
8653498
9812723
10916848
27537307
20927212
20758949
29452579
29452583
29452585
29452581
29898814
10198472
13272034
8653503
10096649
10916859
10946663
10946683
24901195
25071061
25071902
26874578
26906497
26961979
26964416
26966167
26966265
26978447
26978460
27054128
27054752
27056164
27056637
27084566
27162938
27170703
27171508
27340771
27501723
27575235
27773997
27861820
27922097
28156352
28161650
28162652
28164191
28166316
28175502
28309327
28488285
28488884
29930688
29932104
30516052
30546438
30652786
30666088
30992774
6798911
6799855
6800263
6851822
7275526
14924559
14924602
16361281
16363354
16641919
19193779
19200281
19200521
19203908
19209810
19210079
19215739
19216451
19216602
19216752
20469156
20472291
20472323
20645901
20645904
20820989
20914816
20927165
20927211
25758981
27810407
28242376
28242378
31167079
13744454
31185102
13745464
31174510
13745478
2023120
2308176
93129
29293557
29707070
10675813
1436814
9812725
25643819
29095849
1214479
1289011
1144723
72973
1121816
72991
1144721
13610699
6617157
1276318
1896322
14245157
72971
6481684
14543060
9881698
992933
2464774
109418
13660555
1144734
1121825
8865513
2423770
8244909
9121350
1564409
107884
10230820
76410
1277217
2423771
8244911
1243793
15271503
17617228
29270722
1564406
30467689
95383
1863565
1103756
76411
18468003
1144735
1395826
2308178
1122849
30459050
1254060
8244915
18468005
8244913
19304520
11413088
11412359
27752246
27752244
25282181
92767
994821
27752256
27686721
11096758
14477033
20015710
14245147
26613228
27752248
12951511
27752243
17331402
29744705
24415283
14245150
18095856
9961869
30506274
8244907
27752253
30019981
27752255
29720940
17628838
27752247
28487798
16937339
26332843
2322518
2322523
9961871
18132871
24036518
28482929
27257651
26852107
22494176
30278593
30294418
19039180
27883906
25936224
18095774
27723147
27752258
9961873
27883902
12871961
27465630
18095559
9921928
19318615
18093643
30314629
30457546
30279911
13271517
25282631
18095644
12651501
13271105
24415269
22620267
12929057
20391977
10646572
20014971
21235999
26260577
19038181
12951509
9961875
8653506
10230873
25903639
26262388
17595769
28702259
9425719
2322519
7220109
29554306
18095430
21027892
10029121
10873990
21206342
22241838
16926806
9425722
10834467
10946671
16931235
23289542
30496698
20839492
26223432
27883913
6826399
27170525
10030368
10198383
10901054
10946673
10946674
10946680
11112475
23873250
23873251
23904425
23922518
23979074
24096506
24581586
2322516
2322517
2322520
2322522
2322524
2322525
2322526
2380921
2380922
26144449
26210259
26210284
26210402
26288050
27187521
27189259
27247428
27247774
27248447
27248883
27249915
27251345
6826385
7220092
14477121
14477178
16387979
18093631
18095273
18095640
18201986
19318625
19459681
20018071
20839504
20992190
20999523
21024526
21028088
21028325
21028327
21028329
21158559
22603851
22608367
22707716
22723006
22782277
23430020
11369593
11572716
11575978
11589054
12137984
13945400
24414588
28307967
26210220
992940
10755394
8865517
1289012
17808356
18154988
1046958
11510987
4580759
8865509
8865515
4580758
1276324
1069913
1896327
994880
1235816
994890
956704
1204536
21181825
994882
1057360
19304324
14245149
30007479
10841053
28308133
17597474
1564390
31282141
31357345
9921927
2213873
24118731
29026406
72992
109437
980216
10322610
4306975
2414322
72949
90106
18467999
17808365
4307093
6641320
8865648
69940
19444943
26847120
17203448
27001025
27000502
24464367
14154835
107506
9881694
20407249
26279707
17202393
19215128
6851840
14245138
6851882
11007298
26978463
17192726
23290359
30069622
21535125
9767848
10230544
10307510
10459648
10459792
10549876
10646618
11157801
24772867
26330651
26978423
26978450
27190377
29371371
29740332
29791030
29791039
29840294
29926573
30069691
30554325
30554605
30613154
31038293
6786697
14883334
14883355
16912161
19214279
20822996
20823548
23100158
23598520
11276658
11387334
13142513
16300278
10320022
10320582
7613838
14145646
14145634
28242973
26843105
25548988
26843103
10406511
28368186
28364632
25537649
28363837
17178931
28367297
15298551
13749353
13749352
26843094
26843101
26843098
15298133
25534622
1188757
109432
1121827
6438985
109431
71646
72951
71657
102270
1162841
109430
69232
106243
13465813
2133618
10597932
102280
10841360
2090625
72930
22494905
89694
92763
2825438
1101611
2263658
106241
92762
109453
109459
90273
4465990
107880
1152456
9606370
10841351
2090624
113926
109458
28108873
992870
15356403
22996543
2263657
109435
17808359
7613838
92765
992878
92499
8006309
1016459
92761
18252864
1016457
28010153
7421290
10907035
102273
9938760
8653501
23360623
7421289
13902553
14265610
15356417
2498527
1144871
1016458
93125
16927634
1152459
16291307
14145630
2613852
16503499
14265609
19989714
22996428
7427536
23359455
10231543
19329619
14182735
7594027
9767895
22996736
10602623
14245146
19167005
28815013
30178754
27204473
10568135
25869152
25284073
25803512
22243812
26962309
20968613
24977441
25982308
20999522
14587747
15356400
14330041
14330030
22251905
13354843
9767910
24229458
16534071
24207421
26961665
26964143
29420435
16300527
10086474
10602625
22494168
9812724
29535867
30616248
19082984
30576265
14330022
30314622
30615988
16809519
20968603
28242369
29384936
27841550
14503702
22724509
11290405
30616633
10277842
14914445
28086717
9712196
19081670
27917439
30279055
13888671
18321991
16505282
10609678
27941014
28004326
10231546
27635925
15356409
20999524
29092125
27836786
29840252
10277841
22996284
25019654
13942871
22254002
29293538
30278839
25868982
23551349
29611549
25869163
24082088
30554338
23549585
16809520
28973108
20999521
18506178
27811944
28478876
29206252
19164686
25061383
20992191
29091605
9767888
10096578
10231555
13191981
8865015
10096583
10883500
29933722
26329100
15356391
15356394
9767889
9767916
26119566
28478653
23236557
26964190
22893154
22893151
9712203
9881711
10231554
30069735
19911137
12963232
29452575
29452557
29452561
29452566
29452570
29452614
29452621
29452624
29452628
10886422
10887980
10888914
10895607
10901135
10916841
24107543
24901528
25138913
25381004
25789499
25793039
25870017
26119316
26330526
26330614
26684110
26684820
26740771
26876666
26962021
26964154
26966264
27124033
27124559
27125257
27162116
27164032
27167182
27167731
27169324
27185311
27245269
27245568
27245711
27246280
30012112
30012115
30069710
30099235
30314620
30314621
30314624
30490779
30491868
30493117
30494226
30498865
30513470
30515169
30520919
30523209
30533751
30543132
30549718
30554412
30554414
30554525
30555701
30555788
30555790
30555799
30555819
30555827
30574485
30575170
30586159
30649992
30672844
30684910
30723784
30728603
22724387
23308136
23309156
23309509
23309623
23310816
23311664
11299112
12395995
12396382
13695852
13749348
13826541
13902369
13902547
13902548
13902549
13942868
13942883
14235089
14246413
22587424
22587396
27173239
18586977
16504932
16436499
17452352
4678513
31194830
4678429
30727641
30723891
31039803
29934517
30492669
4580763
14329984
29452552
19213492
1144731
7421293
2270173
1144872
102271
72929
92764
107881
2614454
11370291
29716947
1152455
2389662
92496
1016470
7421288
8289727
4946036
11370281
4946037
7421287
17752147
8285078
2389663
8289733
8289729
1428965
15356397
11263818
19674709
9881714
11368736
994878
992924
992922
2613853
992926
4559754
4553458
2139114
1243784
1457640
1902504
2613845
2613850
106284
2233496
994869
30466261
4435022
109438
1289005
16300532
2613846
2772441
4434657
2613848
7593638
24280131
4559756
12968781
14914442
4877812
4559755
7593634
21297882
21297876
16300535
20389455
20389456
10198531
10883573
14298883
22587336
22587337
30728973
102277
994872
4401254
8289721
4559753
8289719
103525
1491856
7505909
106455
4466778
28605729
3970054
73132
7505911
90173
9517552
14527482
7505917
7505913
979984
7505897
3970055
6863468
4584793
7505899
1640300
7505903
21003781
13588831
7505907
7505901
20471914
19731930
28606022
8866136
7505905
10971297
19663775
6592137
18778622
24819538
8653164
18631500
18631511
18631283
16795884
20166185
31277955
18631094
9812737
17356335
7505915
20471912
11655735
31531560
31531796
2241805
2241808
103550
113118
1253692
103551
19682201
1171334
6675513
24643024
26087034
16792415
28592420
6635054
6635070
19682186
1653041
9453793
9089095
7678804
17176974
23025448
23654765
10608569
1171337
23732877
15577861
1171335
14516045
15915090
8152234
103535
1652810
2241807
23654454
10311433
6635072
30034954
15452962
9453515
19682233
23026437
17271830
23026090
16102828
1253688
11600295
7277191
24018343
1056907
1640344
18536763
9457146
6063319
9453656
10311449
30034612
1524863
8351789
6675515
6477346
3984151
1280432
28021116
8351793
15577859
21166317
11028808
105967
16380326
1917330
4122652
18536769
23238077
20023117
3816637
30054150
28448836
20024750
10824296
11185625
103526
1253689
6583406
7277195
8449394
9631085
20760122
6592133
9089255
6675523
1998652
11450189
15420797
1070610
1532625
19690105
4166421
17176971
9661870
30557643
29278977
26468645
16380055
17271824
23237880
10908691
6675521
6477354
11655733
9748731
11307190
26087028
13499086
29229265
30507812
13860504
21003787
11138198
10525443
10829660
979996
15915088
11450479
10311451
25909451
9799170
18536767
14347508
90030
18768820
20023411
28448849
18924100
1294424
29389617
7390898
9485846
113901
8292000
1100786
956160
1532626
2241806
1022223
21168127
1022220
19689948
11450703
2241803
6583394
12495004
17271835
26699559
30734072
4584153
30311345
7125180
9143390
10781624
1652812
26468040
3984150
11655757
30035134
6764662
21412865
6635052
6635056
10829789
19458214
15971786
10984853
19690051
6635048
1640336
90035
25909154
10218906
6477356
20471920
15577855
18702950
10878003
29392754
11075590
22495391
25013952
19521021
6635062
20647854
12495014
109995
1294419
26087030
26873922
6583398
17271840
30578067
10877991
7223639
26875584
21195581
73107
14544406
6693134
1102018
8135684
22741086
17803601
26356499
16380137
20471926
18255081
8762444
21409566
24577933
8762441
16809759
17271822
23391535
23238932
11253308
29382485
20023675
9992104
8762406
14353835
22720637
3974795
21063634
13834595
19458358
28021128
2872073
29386846
25641563
20471929
979994
980027
13637108
30578947
30575234
23729559
18624876
29392054
30573802
29384854
21609402
29862233
21553305
17409017
17298766
27489112
30616942
15155920
30796566
8866146
13743940
28458304
17271851
15155953
19150884
26468358
20901088
19690019
29511035
19798182
19521770
11450813
19770244
25909771
13184178
19690076
23368154
6764517
20023438
13192765
19770354
11450395
1022224
26681611
11381083
15439240
20471931
6764759
26274645
6935262
8866153
19497065
18422864
980030
7259327
9812743
14544660
13186525
15974898
9721926
9954565
73121
8762412
28253703
8762393
8762398
11255853
28624056
6826373
25253369
8762418
30578279
17803604
20461875
6693130
25253294
9585141
25013166
25192941
8762442
28458303
27428738
23507316
8865700
10916939
25013875
28562820
17700257
18716757
23735911
3094586
27736418
21194612
13831510
8762456
19497067
29384406
13831513
20645847
25255270
11428046
19497069
20139074
8762404
8762453
15439244
9895505
9921360
24356075
3081235
20464597
8762403
26965287
15155950
22659843
28327377
29374279
14348120
6128363
13562147
23729787
19455777
21552212
6128522
18624513
17306161
14348810
8762478
17284633
7175069
17232388
8466018
18285128
21112266
8762415
7259326
6063382
15155905
9721917
8866161
15439242
15439246
15439248
15439250
8208756
6763109
21495128
8416013
21383084
13186516
19344882
19663783
8351831
11655729
11655759
11655763
11655761
980022
17282393
8762394
19344971
16378826
9954557
9954562
9954569
9954560
9954567
10218905
31318400
30759704
30613396
28254395
8865699
30755398
30580256
16570111
30749640
16026685
8208666
8208766
9001776
9001783
9001787
9661534
9717980
10877955
23910859
23910862
25289284
27446953
30574976
30578706
30578775
30615741
22383442
17949784
30575148
23910536
14290241
23398554
22722109
19087278
31187737
15953209
13637104
29376212
30926010
8813554
21153369
13531007
10747599
30925933
20139749
30925958
21716486
13484634
13484636
23938562
20460525
30926041
31283856
22636877
6073773
8466022
8466029
21552028
26352980
27391909
30578890
30578924
30740945
20995047
8864550
8864551
8864552
23910496
30618065
8713232
29052237
22759390
19979908
28019060
22723364
14348509
30924872
21010757
23747352
27470256
28156321
7232565
25337940
26679837
30575213
23589546
26368999
27456178
13512983
16809591
23589618
23589657
23589685
18115603
12846383
8713235
8713237
8713239
22762765
30178203
8416015
30639386
30639144
8415966
8415975
8415985
22722026
22722029
8416014
30639277
25207987
14354194
27443658
30578224
20141649
20994151
21109364
14353969
9332782
13562068
17323700
30578141
20141350
30619427
17320028
25047439
30619455
30619423
18121136
21417662
14148117
8989774
8989775
18107933
13327689
8762480
8762488
7986545
8416022
9812621
26380000
9812738
8762402
16771657
25288863
22721092
30920867
24536550
22639615
8762396
8762399
8762400
8762410
8762411
8762417
30921023
30921029
19455324
9812649
6671677
30921058
15562516
30921070
3967385
8746667
28779330
15562530
17319204
9585140
7544122
18254823
16337193
18254891
19437524
8975407
22696574
9591786
28252464
21561569
28336599
20142206
31318734
18576351
6063418
6063419
20142218
23846327
30577679
19086115
17462545
22720879
16389461
16389640
12019383
16333382
25023864
26367483
18470514
8008633
30922291
30922372
30920752
22802623
22802624
30580085
22802628
31403877
29974804
29973696
21108892
19441862
19440068
19729660
24817701
24818719
19344989
19344690
19344649
27854840
2409243
13826647
13902119
24577737
1022225
23530340
15577853
2241804
24018353
28942506
24018356
6866736
11149052
11307194
103532
6477344
9089232
1067252
4584152
12359292
109996
979992
16985751
13826646
8762408
20141161
11304020
26810780
26810810
22741082
9895820
9812746
26298490
19228017
8865701
20140789
9717573
21107511
13518757
7872166
19437900
19438417
8762482
19437534
21552707
8008613
8008632
19437721
31452611
31453667
31514131
31514162
31543296
105526
1314269
111980
1271931
957872
6583343
9242822
3984156
76337
8449390
1269938
1271898
76349
89878
1269954
9738224
104213
9516312
76570
111978
100014
30504979
1271878
19689673
8393295
1271904
26086642
8393303
76348
76550
6583341
102514
76336
1652818
1271995
9738317
6635046
957882
6583349
6867696
1101572
7295932
1987937
1022243
6583347
2241800
102516
6359377
1835657
30506289
76538
76555
957884
66616
9992078
1640332
11600315
6583325
6635032
10006994
6583351
18038028
89880
30557367
13056517
1987929
19520941
10311439
1271919
8449388
73146
25637107
13056515
67093
6635024
1884170
6583311
20474347
11600324
13056513
1987940
1987908
76339
1271992
957874
1835642
6359371
28942512
1187487
1835648
11600299
19628860
104216
30486784
76330
19629688
19663779
1835641
30613032
22758815
1187488
30576140
1269937
6635026
957883
1269936
19453212
30556713
76346
6583319
19597554
1022244
1835656
1259472
73198
1428978
1187485
15439220
76347
16341770
6190207
6866558
8618801
13653198
22758034
6128577
8416516
9922334
16104716
16976839
8393299
22758378
10362766
23507340
28623002
18411926
21150420
21142749
3974794
29767145
6867695
25634798
25417269
6071665
30576237
30576266
30576313
30576208
26690425
29926184
29926236
30612719
30612738
13154134
30576659
25159190
29925460
6128142
30584203
30575376
30095593
30618681
30573723
30573409
30095297
30619671
30619162
30619237
30619372
30619182
29766717
30619139
30619146
30573549
8618813
30095388
30095366
30573886
30095348
30615262
30619361
30618567
25964887
30094492
10379882
21496931
30809010
6190208
13653199
100016
1987946
1269949
11600332
30517083
73184
8449384
104215
1987945
17761811
29925785
8716949
70380
1987942
1640338
1099875
1987906
76331
1187480
6583337
3984162
978879
1259473
6583333
8716951
6866556
1187486
73171
1583618
3465389
10007158
6583299
67096
76361
1739635
104251
104254
2020448
105975
1284825
2020469
6359389
9738268
73699
1187474
10715272
24510766
104253
1099865
6583274
1099863
30514986
6583288
30506770
73175
11227143
10311443
1272012
76351
1220049
10007125
30506886
30557676
4171824
6857951
30511021
11600343
28448856
6583277
1867716
15439204
1835645
1835644
6857955
19448190
6359397
15439214
1835639
6063288
17700056
24016119
11600339
17700483
30619934
25436752
20263242
29692178
24017856
4982623
23730675
10916934
24150392
21382726
30212442
21297443
17232198
30796979
30619919
1987909
30796250
14725040
30875828
29974533
30095477
29925981
16461075
9512946
10331251
10331282
30211631
28464770
30715983
10362716
28443654
30797154
28937152
10459668
19028399
28466639
28466809
14030391
28466591
10325920
28082312
11170869
28466356
28466364
28466579
11067650
11067659
11067664
11067668
10646616
28466702
11276595
111969
3465715
9736617
111967
66329
109998
6159678
19233704
94354
6159666
66394
10007023
1022235
25015388
90186
1849738
980852
1849737
93077
2394325
94355
66330
980132
10007161
25016495
29511566
1022239
2431043
2431044
6159672
25016905
94357
980145
980152
93078
11655719
4587349
107649
1022231
1070886
6159664
4587348
20644793
4587350
94356
1022236
4466780
14901201
17408734
8299284
6159670
105973
11655755
19804919
11182380
10362763
110601
14580663
19804925
21238211
1640292
8998630
14574755
14901207
1011259
21558675
8866167
13621551
14901199
2872073
9192764
26964220
6110518
2993264
20773108
10362643
9813302
20471918
18394997
21560200
11655749
11655745
14579111
21010258
13831331
11655741
18407102
9192601
25641589
25641593
15155914
22999975
8762491
23333286
29779996
30660093
30662687
11265188
11265244
11429298
21009852
17232395
6110515
30639524
30639542
11078713
18284733
20139166
10212847
16470466
13831543
30661118
10212788
11481382
31099852
9158612
19459644
13820274
9921358
22766212
9921355
31101116
19459383
8253551
19456850
31100696
31101696
28333204
8762490
8762492
8762494
5014159
13366976
11388059
10834472
11413362
22713503
27529171
30660206
30660328
30660013
30660482
30660631
24508558
1022233
3964754
73151
11655753
21238207
1640337
110645
1022240
20646944
110602
11655721
16968701
13588829
1067273
2431042
2431041
8866143
11655743
4584477
11655725
21106000
31477543
26810806
14579348
31539301
975421
24811252
2090665
993056
23024354
21003779
28304710
73128
9280420
16180305
24808913
103547
101458
102695
2165304
1074829
2090664
20025056
20025157
26471603
11112437
103521
7614517
7223534
20025179
7614515
1022249
9280418
10809591
980850
25909790
4478322
20024093
6937189
11112436
7998948
20211373
20297249
20310934
10985370
10916917
10646546
10646431
29306485
29319124
9812744
11943663
10646543
19692414
10304079
11748856
19785106
19785003
30925934
19785972
20137018
25229713
20444790
26334949
30776397
11494553
16027110
20141840
10646550
11426817
10916914
10985361
11426859
19052206
1740260
9192741
20306826
66425
4466779
1269946
3970054
7505911
1389356
103520
1640293
73078
7505917
11255884
7505913
103549
16379894
11428050
7505897
3970055
4584793
7505899
1640300
7505903
7505907
7505901
19428548
1098585
7505905
21239016
25520433
6592137
18396163
29309620
18403673
28246106
8989589
10605554
14114953
73155
93088
103528
103518
1074828
14114952
980007
11255889
10362774
23507511
980010
10646629
14114958
13988435
18283562
29853102
8415965
14114962
20471910
17232384
10646627
25965744
10646630
18275590
8998501
11630022
15155911
28245749
7095669
7095676
7505909
8351789
1067272
8351793
8973695
8973697
7505911
2431049
8351791
2431043
2431044
6592133
9661870
9992106
6592135
4584797
4587352
7505917
4584798
4584800
11307190
9992074
14785427
7505913
9992084
9992078
4584796
8973699
4587349
9992108
1070886
4584153
4587348
7505897
1067274
4587350
7505915
4584152
21238207
1067273
2431042
2431041
4581587
4584477
7095669
7095676
7095665
1849739
23654735
73129
93070
12494979
93062
1086318
11112395
1209837
95115
72847
1849740
1084927
25909037
25646830
72848
10829972
21167406
1209838
14232431
6935442
25908479
111989
1085815
1086317
10958548
11138268
25796572
14524296
10984927
25908342
114351
7614507
10817235
28967814
14523492
13988441
13988918
28711913
22988941
30548952
20869393
19784784
20211340
20930932
15198312
14232428
7259733
16290646
28458302
20991508
14232434
21282383
25029917
20931341
11943657
9921329
24148817
7259729
20879301
20877427
25796124
14520057
10958570
7222458
3094557
4478324
6202790
6935284
20646357
28242422
10971464
28458297
14232437
30772449
9002682
9714717
10075307
10646419
10646472
10646539
10646540
10878029
10916936
11112442
11112445
11112452
24121215
24121539
24202430
25230442
25458462
26193030
28443370
28710819
29036860
29297984
30007656
30007856
30693869
30768695
30778388
30909011
30927008
30930093
30930094
30930095
30930105
22802610
28583697
28934065
22991263
2338503
103161
95752
20869486
10755934
10646418
10646412
1269945
10646426
10646542
13186505
21466781
10646538
7095665
10646421
21468431
31165351
30926050
30922281
31357990
31420078
31468032
31468267
105875
1269940
66615
10831160
1269961
1478596
12495025
2807042
1269941
980180
1269957
8117879
1276220
6592125
1987924
1269958
8117877
10831182
73057
1022214
2149085
18145755
2205025
73081
2389533
3241912
73087
6583378
2205026
10073048
4584168
13977769
1269959
6583386
8986188
26907191
3816624
6592123
9796599
1269962
14105641
30497192
10781590
14870124
13977773
4584794
9992108
1640328
104232
14870127
6934363
11255792
14901203
14870122
30497882
9992090
30503154
19984615
1269943
1987923
30467019
28023750
21171474
110643
10525612
1269960
8651603
73056
1640315
8351809
30497899
30498406
10362788
6583359
1867718
20733191
6583355
1884168
21064585
1640327
4581583
20464622
16288164
8351801
16782177
28445535
13988436
8351829
13988439
8865702
8003506
19135994
8351827
24003979
14289705
28445545
21553678
21064583
25641599
19451539
26358023
10230869
1764939
20733193
22723685
21205609
7595825
4581584
1560430
17425617
1560429
22779764
8866170
28515192
29366530
9954551
9954553
10916937
8798913
23392660
19985559
24114086
25189841
25903378
25272403
25431155
30636451
9921361
2651577
28252347
21553566
7546878
13234378
18996926
17232197
24356722
28815124
29524653
8813593
10362769
17880086
14174942
22604400
22634285
19731677
19450878
25583570
29273017
16287036
13312185
21610618
21609735
11150689
11150693
26810791
13062420
11167272
24066115
12231966
14232300
14289710
7597231
8003505
8903041
9585138
10362761
10362767
10362772
10916936
11034453
24111552
24111804
24563318
25060343
25061619
25062946
25560697
25561024
25561232
25902222
16253522
16290940
17275280
17464462
18718452
18997554
19736660
20245197
22141961
22723695
23097671
23401569
11339974
11340070
11340096
11581104
11784844
13483494
13859922
25338987
19450424
1764935
8131841
25801565
13363581
25056377
13312193
13319619
13362816
29928361
25190156
23253621
25190068
25190959
25206358
25204872
1640325
13234376
16290910
16286067
16185175
21461452
14105640
73097
957993
7593358
106267
104230
16290654
1022213
1837388
19982196
13234380
4132105
13062416
21464794
31423510
12569032
31423405
8132392
16185162
16186280
16292264
21465607
21463628
31418169
31456506
31456508
31541387
967633
9234624
967636
73137
73133
1022217
73124
73131
2394390
73095
1022219
4103881
8214355
30470430
103512
6675509
73094
14833835
14110714
8214189
30461207
1001881
6592143
9153638
6675511
979971
13183199
1849089
110640
1122910
30468053
99627
10218912
30468144
2394392
6934377
7259583
2394391
20372041
28243557
22723990
24299262
20460253
24228516
29155379
22724083
8865654
16809578
28598133
13659210
18476436
26382835
17997659
8762507
10217603
16768697
18926863
22723915
13988915
17306767
6615552
10218841
24226306
7994236
16809762
28252922
18750566
18404858
19209545
16767992
10379880
29155250
24514853
19209549
8762509
4207499
17275962
13988916
29712989
17232385
13842933
25309548
23087189
7087108
7087110
20869478
24924420
13859893
13859895
14114961
19209551
1238044
25309587
18250934
18434249
12873659
17493127
8208785
25309586
8286945
8415969
8415974
8416021
8465853
8465854
8653012
8653386
8713222
29779211
29795801
2778612
2778907
30637734
30689956
2872074
3139848
3854432
3861693
6073799
6073961
6128252
6359368
6763110
7220162
7276167
7490073
14550620
15562508
15562537
1603062
16180776
16181992
16303836
16768691
16768708
16809766
17232386
17324115
18251169
18251825
18356862
18433704
18434031
18480763
24227160
24698737
24867117
31263205
31260319
7263204
30072616
20965566
10362728
30037955
25110257
23976567
13671294
13667579
13671291
13671292
14110707
2394393
14110697
73063
113869
8866140
14110700
13186519
1740282
16777608
25961633
31423753
31423736
8999489
9192765
16293347
6151693
16768036
2409244
967626
1491855
967634
967608
2205024
93085
73145
1849091
14232083
9514894
16809628
73062
21298360
15270858
14833837
1164432
14833839
73134
18122978
7963749
11369435
30514288
29800653
73060
30503484
66540
30492544
1835670
94578
21298356
1098590
27816082
13284312
967618
30514533
20972253
13052237
30493609
6931534
30492730
1164436
18219521
24170991
957984
10583679
6202278
8117885
30267921
6627569
22725146
11763484
12033736
8117881
1636247
6934639
22724942
7233285
24423543
14114969
19281913
25088435
25370145
14008024
8866131
19831218
1164435
19831224
28243563
29386559
1164434
1536774
19984613
25368647
22724979
29371423
8813619
6128419
12290481
21420650
24224521
20869476
24344781
13653509
23059238
7232844
19209569
14997083
29082024
10363273
30240066
10459717
23942887
6937015
12168545
4157125
5293046
10296829
14632254
10646434
13085554
18222866
4827112
25151151
2993914
18867060
20285286
13045941
19600563
16929060
16823842
21275152
21560757
7595559
2477813
21711802
14588211
22140582
12309905
20733197
21461106
7768637
15562527
21711090
23801049
26594987
19442445
24901194
15223140
9895503
21276448
21459866
11301400
13653506
19209571
3881941
18828501
7963792
24344753
25150190
19479828
22064083
24225540
21509738
13045836
11369436
15917292
17322246
21421924
13045838
27096706
19697140
7595558
7831722
7984233
8008634
8208345
8286929
8286968
8305433
8305440
8415967
8415980
8618821
8653051
8813616
8903570
8998503
9192678
9714713
9964932
9964939
10074691
10077948
10077950
10077953
10110096
10110401
10144241
10144242
10212495
11250682
11250690
11250694
11265142
23861481
23943007
23943185
24198293
24429438
24467396
24633346
24633682
24636368
24638899
24644465
24679639
24843024
24843218
24846538
25171007
25359629
25360037
25360503
25377965
25623969
25624831
25640829
26081236
26145207
26164200
26164828
26165815
26166485
26167487
26168673
26168912
2992216
2992670
3838742
3838917
4430943
4635497
6052782
6063383
6079071
6079073
6147161
6202217
6202286
6258694
6346767
6346772
6635649
7276057
14550635
14727386
15202302
15270787
15309743
15546539
15562511
15596112
15667635
15671431
1636251
16470609
16566371
16809574
16809585
16809629
17321756
17429752
21276744
21277656
21420305
21421925
21423045
21423899
21488966
22065050
22710299
22724923
22724980
22725222
22725232
22725307
22725317
23378765
23541778
11265192
11265195
11265197
11265245
11286247
11286259
11286384
11286395
11368841
11384086
11384087
11384214
11384342
11388415
11390354
11390428
11390797
11392654
11413749
967624
2394396
2394398
66541
93082
2394395
1022250
6592145
110641
1098587
73073
19982199
7505923
4478322
3967366
1175342
2394397
4478312
9284817
8998943
17391766
2992246
4092194
6937183
15562510
11357332
14232282
14263543
13988188
15350281
9425309
10781616
26351386
4152806
28243559
4379481
2387564
2441219
28446559
2651583
29892113
2993189
3967363
4092193
15359540
1603061
19315979
22584806
12167784
12224870
13045982
13486243
4549283
31260879
16828308
11255783
2551201
13186522
7831723
1672856
73061
73109
9510831
13193271
6675525
2774380
6867699
6616256
30094392
6867698
957985
10971088
16666453
4990425
26962124
7963751
2467058
9983109
1098589
25286633
20991437
6615862
12309159
8706397
21205615
9693140
19264222
6615767
9589295
2679548
22242179
6638436
5016966
6981507
17692364
10379846
12168600
11971735
11368587
11112400
14109603
28864794
12307443
21526860
22723451
26360641
18758914
16809555
21112376
4157092
29635187
2651573
12313600
21551562
25233864
25856714
14407192
14330501
16943040
12167790
24619175
7222943
28780237
30618903
10379810
10379845
10646474
24251593
24252834
24428998
24431140
24609693
16317298
17895008
18343926
18532761
18532860
18533749
19201481
19323378
19323617
20244372
20690891
20690972
20691055
20691278
20812086
20972116
21109892
21526976
21527104
11265263
11290503
11368744
11384183
11391503
11427369
11822266
12167789
12297545
12395976
13318767
13820206
14114858
14115331
14284420
14330502
14330517
967625
1857532
73074
9514901
2360055
1200749
1094804
4466776
73080
1948816
7604865
14247921
6642446
7505929
1094797
4292208
13498061
13383155
20693037
980045
6635639
9944864
16834858
19982202
1948815
15562521
22724123
8117895
18431745
8989768
10891688
4695584
29791877
28243561
11255813
20733199
9693142
27460426
14303276
14232285
31220814
8215532
8286964
8305434
8415982
8466011
9714698
9944757
10217601
10825793
11021865
11112469
26341387
26369948
28752329
29373892
2778903
2992667
2993670
3881999
3967368
6768623
7219572
7380656
15562518
18432913
18433320
19451431
20252780
22724186
11563935
13046727
70580
2467059
30448068
19264220
1627358
17273214
26814108
8653207
10217602
14589086
2651589
9944866
11384441
10132059
19746508
2989101
16076130
26814112
10728132
18769007
19429914
27990914
24660747
15564511
10825665
12307444
19938102
18769836
11564175
20644863
15564514
8986818
10825654
13118410
10646445
28284049
30954477
2993487
2993563
2993662
2993668
3967333
5265118
7220142
7220145
7222015
7393228
1603065
18769423
19745474
19745770
19745917
19746054
19746313
19859941
20714727
11265172
11384372
11392600
11480633
11598950
11860108
12219178
14330521
30857445
2997123
10217054
31353624
2328435
9192766
7379866
4260470
90191
90190
106442
106444
967639
8215528
106443
7505919
26812689
4155693
8214542
8215530
8215529
8214543
8215518
10220652
69136
16836063
20300906
10128229
16835661
11021886
14625642
2989128
20310636
17126179
7222713
19264212
6768609
7236822
7380393
25375155
8214383
27602963
18922046
2467056
2189427
7963753
17620562
2778631
3139850
13730768
20646740
3989207
4718180
20305816
16836051
8653404
21491577
2778606
8214537
16834880
11021903
25252335
28690303
18411923
6768622
14550628
17371832
19264237
9944760
7322299
3974554
9944764
10217605
19060446
20318266
21422947
23309901
20349883
8415986
9693143
8001050
8001170
8001594
8131968
8208784
8214538
8305429
8305432
8385528
8416020
8465846
8653014
8653059
8653208
8653403
8653419
8653461
8653472
8653473
8653488
8864395
8864549
8999485
8999491
9001609
9001627
9001652
9192732
9192923
9192935
9192947
9192948
9425308
9426492
9426496
9585011
10985260
10985262
10985266
10985267
11021880
11021887
11021900
11021901
11021902
11021907
11021908
11021921
11021928
11034481
23725473
23989892
23990393
24188235
25030131
25349157
25349184
25349191
25374695
25638964
2387569
2402233
2411109
26089885
26261311
26354407
26363312
26508414
26508909
26812874
27555370
27555456
2741514
2741517
2741519
2741520
2741521
2741522
2741523
2741524
30306004
30307216
30396733
30458665
2778615
2778616
2778617
2778618
2778620
2778621
2778622
2778623
2778901
2778904
2778908
2780233
2780234
2993017
2993145
2993566
2993665
2993690
3242054
3881928
3881955
3882010
3905626
3967365
14845312
15388473
15403414
15407060
15690719
16182177
16337690
16725634
16777413
16826116
16834826
16927147
17275982
17277024
17622320
17954211
17970878
18248878
18248958
18248979
18279987
18485354
18485457
18485709
18490761
18743877
18871783
18922411
19060066
19060310
19074422
19213236
19709981
19804165
20158931
20239268
11598898
11867077
12309259
12310171
12563597
13696656
13728152
13833180
13988921
13989932
13990055
14004282
14147954
3974651
25898445
22755640
22754886
22834307
21605003
21605239
22708426
22671606
22671509
17371829
21034986
20315641
26850542
17079824
17081442
17080742
7222703
7226536
23409688
31254840
12311280
14808499
19264208
9714708
23094804
29976428
11426238
26344587
9192743
23629766
16027114
10379904
9426372
15649651
26418583
10217609
10217608
17954011
18280511
18280979
18281329
13243014
73079
1560426
7505925
1098586
6707029
6784707
6784669
26819153
4587380
6592139
9629627
7274981
20972255
2467052
20960241
4587379
11066818
10290865
20869481
19264228
28158909
6867701
6707032
11307188
18411966
8215523
17281560
11327993
10646605
18430527
15917294
14114967
4220201
28394181
18490275
11255874
13318811
18223399
17343070
18170973
22059659
7274968
7220840
23094807
2709878
2467053
6945562
11066821
10219008
10219009
6202063
1143839
20303024
19468621
10781629
13486895
18430590
17840433
14550631
17278557
20645124
18429764
11021889
20649060
13186528
9944869
3975390
18488923
9992092
18493763
6250578
21607625
8208635
8286943
8286944
8286960
8415968
8415970
8415978
8415984
8415987
8416019
8416024
8416027
8465852
8653440
8713241
8998613
9192767
9815601
9944758
9944761
9944763
10127686
10217597
10218439
10218440
10219007
10361977
10362773
10459702
10985255
11021882
11021905
11112420
23731617
24283195
24770800
30725559
2848684
2848688
5254066
5014149
6079069
6333247
6637927
7219543
7220153
7220284
7220300
15909476
15918748
16027119
16370566
16469134
16597994
16598530
16598745
16771486
16809763
17678799
17880125
18081632
18430035
18430535
18430575
18490355
18490623
18490719
18490827
18490890
18491288
18492021
18492108
11414085
11414137
11426812
12297756
12309772
12689009
13051686
13051905
13057227
13318818
13522484
13631609
13988186
13990112
14199003
11494905
4912824
24345263
29932877
22585841
27554087
26964213
19261176
25876719
25875455
2848683
13480590
13659209
28598550
29273871
18536809
8117889
26385854
16771487
31246385
15209803
6592125
24018349
24018346
24018340
24018343
4584168
3861718
7505921
6592127
6592118
6336743
6592121
7505919
11307192
6592145
11307190
7505923
14785427
11255884
20972253
11255804
10144552
7505925
6592143
9992078
6592123
11255830
4584794
3967366
6592141
10781624
11255792
4587380
20972259
8651603
18778628
10290865
4058550
4581583
25641563
19264228
11307186
11307188
23238930
26950007
19264212
25641599
25145312
6768609
14263543
20733193
9425309
19264220
21205609
19663775
18778622
4581584
21205613
3882021
10877954
4584173
4379481
26950095
19264218
4220201
11255874
11255774
4695584
25145706
19264235
11255813
3967334
3975390
4091854
10646569
6768622
19264237
3975388
10362775
3967364
20733187
20733195
20733201
3975168
4091777
7087108
7087110
19663783
10290851
10051617
25145310
13243566
16570111
10127812
10127916
10230883
10362773
10646571
10646573
10877955
3881928
3881955
3881999
3967333
3967363
3967365
3967368
4092193
3967385
9585140
16795884
7263204
24018353
24018356
11307194
10144550
11255863
11255783
4584477
22741084
22741082
1339498
10832243
11554514
4122704
2574486
1414143
111960
1923709
13282269
1242878
995458
16845118
6490067
995462
4122705
13464450
4260752
6490069
1416911
13307222
1739632
21449875
1208989
1268106
1208988
1339481
7978813
9208876
11611003
1070670
23137042
995439
14623894
9058338
2574489
995415
92045
1023512
92051
11306131
16845133
2574483
1532297
29348283
16845095
2807104
13264241
1613865
1089120
2297800
2297760
12064403
2297795
13194238
6058403
16845100
10363313
9208872
30554925
30381131
28600114
1268931
1089119
12925503
995410
18713945
1532299
9058412
2807107
2807106
14623875
21449801
26477596
2210810
13264235
1089117
21449872
1360485
4122703
1277525
12925483
13264268
24518353
30267056
102848
20905047
30555293
995422
1089121
10119563
1208987
30345243
14694164
10363317
30541805
2297780
2682559
1277524
1277523
16845093
6275393
18790028
2574488
9058410
10119111
2297726
2297728
9618155
10362693
24034422
14623891
92047
22606533
3930813
9058416
12652013
9585179
23314976
12666062
102325
28202428
26501229
1277526
16845126
10788046
25011471
19986467
9058334
16845128
17888768
13264278
12666063
11858792
10825667
11584748
2297741
15161456
2574497
10788195
102328
16845105
16845109
995412
19996476
13952308
21449796
20824436
9425144
18796515
18099115
11611021
24849989
23380578
18794795
10788187
16845124
20905045
15628078
11858298
12925552
20905054
21449866
102333
10875475
28979395
18561961
10952446
18792719
26250202
14623886
30394454
6870091
21182817
10952444
21422943
18797187
9112127
10363326
30210093
21683995
17888766
9058330
1023503
2297807
2574495
13871953
3883414
9112131
14623880
15518623
11142177
7117893
9112129
2574481
10788158
3833413
18126070
13616182
2297748
1023513
27822381
12269734
1532298
24599743
28190035
1070671
14863334
13194241
10498532
18787001
12652707
29170099
21422567
18738409
24200867
7238315
26449528
26501256
26501334
28425185
18785486
13823565
26064774
25200192
102322
10788163
14863328
11611023
14623888
11250759
24675634
12652711
20905051
102326
2574491
28673456
19532941
11866467
12269739
10788176
18795828
21182815
30446278
30446174
30452360
10143729
24919820
28044230
21707432
12925563
13823687
13952210
10143732
10143733
10143736
10170266
10298251
10298252
10298253
10362680
10362689
10363280
10363281
10363284
10363285
10825739
10825751
10834464
10834470
10877952
10877956
11111070
11112327
11112554
11112640
11128355
11250684
11250687
23864482
23864840
24200631
24200942
24333884
24333918
24334001
24334013
24417304
24543176
27378793
27379207
27519675
27603939
28039424
28140731
28425188
28425358
28425359
28425381
28654345
28673441
28673446
28673484
28673523
28678922
28691404
28691405
28691437
28691583
28691590
28691591
28864592
29175598
29175764
29261561
29540372
29691810
29692283
29865892
29867343
30030103
30110829
30210924
30296970
30306239
17493293
17569426
17604535
17605054
17605056
17633398
17633440
17633681
17828695
17858736
17859404
17859589
17859775
17933375
17933607
18099032
18785806
18786003
18794432
18795219
18796787
18798185
18803217
18803542
18804034
18804637
19481345
19482603
19561794
1870694
19715186
1953850
1953852
1953854
1953855
1953856
11590660
11857413
11858130
11858175
11858222
11858329
11858508
11858740
11858801
11858865
11866419
11866433
11866501
11866510
11866573
11970534
12268879
12268896
12269262
12269288
12269303
12269318
12269327
12269337
12269349
12269716
12269745
12269752
12272894
12272895
12272898
12272899
12272901
12272903
12272906
12272907
13515858
13516097
13516532
13516545
13516751
13750371
13956811
14029779
14029780
14029983
14030014
14030176
14030178
14030180
14030183
14030185
14030198
14030219
14030362
14030366
14030702
14211852
14216382
14297861
14297989
14306056
9425188
9425189
22097668
23847451
9425186
9425190
27252397
28510100
29171258
29167761
950643
70047
69732
1339504
67768
1339492
7265818
1339491
1339490
1209000
9459184
2870067
9726175
1277530
1570584
6770516
9459180
6770527
2870068
29531555
980073
6770523
1774736
1209001
16435816
9058318
1339489
1339488
1412836
1296223
1339493
2297731
950642
21465919
2058570
2870065
6490059
1277537
2297733
4581712
1208997
9058400
4581728
2178842
1366100
102317
4581721
23900695
23900694
12666050
995239
7112032
4581732
4370280
7112044
2297735
21449901
4581734
10673513
1277532
4581713
4581715
15995232
21464091
2578954
1613867
92028
12666061
10646533
9058404
19690269
995218
11863791
25309352
2164232
6490061
9058402
10216967
1277535
995212
995248
9058396
995226
6490057
9112118
17827674
995222
17827793
995245
15995261
102316
21449898
1157605
10216971
1277536
1089132
21449895
25435143
10216961
10216975
12666057
11526261
11526262
9692809
8813446
1213163
9113137
102314
11369201
20076644
14863318
24843989
22061478
11526279
25787500
7237951
19686892
11369322
9425135
20905027
14863320
24842003
13755834
9425191
12666060
12666055
9692773
9692807
9692808
9692810
9692811
9692812
9692814
9692815
9692816
9692818
9692819
10048093
10110283
10110402
10168239
10825740
10877989
23902878
30273407
30274093
30296450
30372179
30372200
31079750
3838269
7238017
15812101
16746723
16809630
16809909
17232173
17232183
17685390
18098990
18099026
18099040
18100799
18102056
18102154
18103154
18169524
18169611
18214124
18545605
19589236
19589606
19686481
19686605
19687389
19689982
19690205
20045215
20076659
21419992
11638224
11638516
11859594
11860115
11860160
11860451
11860907
11863714
13045926
13659208
14451816
11860045
11860046
11970271
11863715
31286156
27061427
27060356
9425134
9193483
9425132
9425138
9193482
9425133
9425167
9425181
9425180
9425136
9424933
23847401
23847876
30066857
30970480
21464942
21463792
12925517
957509
99012
1090749
12617829
16435819
4581736
92032
11555218
4581737
8458197
92030
15202395
7112040
92031
8477582
4581731
7112042
11555219
4581733
15161401
7112038
10952459
15161405
24960244
23969193
11639350
28501638
23965429
14863309
11864463
11584580
24960831
15202397
23380813
30055952
13527634
950647
70596
950646
99014
1339503
1339505
1208971
1208968
4583871
15578219
1208969
4583874
70595
7779528
4583877
15589360
995280
69731
4583876
10498528
1208973
4583870
2220946
4472841
980119
995277
995287
13264195
995269
30535333
9058420
995271
15321566
10025533
10498536
14141983
21449840
15590419
18468325
15321559
15321557
12611416
20905031
14273726
4583872
7273782
10917299
15321561
19810465
15321563
18468328
20905037
18468334
19928777
20905033
21261913
29320287
21051896
19929864
29528111
15321555
21261908
16296630
15321551
23845749
1169528
9058422
1089089
4583869
13264223
9058418
10524880
24967400
1955738
12611457
1089093
21261915
16341531
13195701
14863313
14273730
14273690
24968448
9058344
25030331
24364398
24364405
10524862
10524870
10524858
14273684
23995473
21261911
21261917
2257542
16361337
9000921
9192686
10077958
10825758
10834568
10834569
10877968
10917318
11111724
23842808
2257543
2257544
7276539
14750941
15775372
15804891
16025035
16252449
16339493
16339516
16339774
16339795
16339856
16340185
16340379
16340565
16341500
16341509
16341587
16341602
16360736
16360996
16360997
16360999
16361000
16361013
16361207
16361330
16361378
16537252
16537390
16537413
16537493
16537550
16537589
16537597
16595203
16595464
11397726
11397799
11472546
11584189
12563599
12566893
12611437
12611455
12611461
12611462
12611529
12611531
12611537
12611548
12611557
12611566
12611573
12611575
12611578
12870981
12870982
12929297
13181894
13195733
13195744
13195749
13195756
13195768
13195769
13195770
13195772
13195773
13209648
13209649
13209650
13306391
1339502
980111
17753833
67841
980106
1041298
1208981
1208983
2297806
15628087
1339501
980114
980103
995178
1208982
30282308
2298866
995160
2297766
2058567
30300175
995143
1162880
6490081
30375672
1213150
995147
11295299
995114
19594729
6490079
11306139
995134
6490077
2297822
4583881
1098768
1089095
14260881
2297819
2164239
11563734
6490073
13046120
14257896
6490071
11289660
19594741
12611534
18739086
21449854
13306176
11289552
29517345
14260907
16361364
11637945
13946820
29519380
23847225
12497574
13479284
14464734
11327503
20643330
14257931
2297791
2297823
1089096
18727960
11327520
9058354
29842530
29842934
29843379
29843751
29969554
29969772
31111931
31118317
31123701
31124192
31125141
31125493
3838839
3838973
7236663
7276851
15264525
16704828
18098989
18099028
18388263
18787095
19223903
19299351
19908403
19984082
20655733
22931556
23517501
11278274
11278457
11289622
11289731
11289734
11289738
11289842
11638215
11864694
12312122
12611410
12611417
12611432
12611449
12611538
12611582
12651455
12911575
12990804
13044896
13045943
13294354
13305161
13306232
13306233
13314060
13314061
13479283
13531081
13702046
13945287
13958755
13959175
14052179
19594731
19594749
2703279
18593746
16053231
31165465
1522265
1522352
1522264
11611007
9058486
11306714
10498606
11306718
9461272
9058428
11306712
9058480
30382438
1133672
11369489
30555183
11369501
9058426
1273808
11306703
11306716
11306710
2703281
9461268
9461266
7779555
10498603
11369461
18744157
102346
9461270
18536455
9058484
1273807
18744153
18536447
16809626
10076586
24614164
24644463
25359150
26770436
27467588
28133295
28253502
29189475
29970177
30241714
30886895
31132142
31132397
31132909
31133359
31135757
3831235
3831241
3881074
4450244
14794822
14992779
16809620
16809621
18070171
18101180
18101549
18101596
18101729
21832813
11581120
1284887
13915322
13916573
980092
1339483
980088
30281272
1339482
2178831
2297759
30275385
14831315
995367
995408
995400
1339471
8780385
2178833
1339470
2178832
2297764
995373
2574508
2297762
2574503
10673455
92055
92054
9058360
2297783
9058364
995378
2297788
21449834
1613862
995382
8719936
2297774
2297771
102340
10854425
21449832
19689799
19689797
8713247
15161397
20041815
12925541
13567288
25076177
12925544
9112141
9112139
21449829
11859168
25199257
14863299
10048756
10825731
11111854
24890932
24894210
24897198
24898941
24901346
25073896
28594446
28752224
28872437
30320826
30736758
3838829
1641916
16780946
17767986
1339466
21465907
9461276
21465909
21465901
21465905
995392
21449852
30379208
1084982
9058474
7112184
16361800
24658373
30374355
30375835
16182572
16361795
11610985
2297768
10498547
9461274
22741392
2220947
25032472
17390366
7112186
995404
1269219
102357
13109539
14863296
92059
16296619
9058386
1084983
16181311
16182576
13057325
13109509
13509727
19217606
13109507
13509717
16338681
13109521
15297401
16361803
19231287
9192684
10646377
23873926
19364466
23213534
13109523
18099034
10918181
10918182
10918183
10918184
10918185
23873751
23876023
24348331
24348671
24572346
24904389
24908024
24914048
24914452
25029758
25030108
19213965
19216011
19216650
19365960
19721493
20808240
21407390
22068343
22074401
22849253
23556443
11556483
11577094
11577095
11577096
11859271
13057322
13057323
13057324
13057326
13057327
13109411
13109505
13109506
13109513
13109520
13109522
13109524
13109525
13109531
13109532
13109533
13109534
13109535
13109536
13109538
1339495
995399
10498518
2090558
9208850
11637820
2807129
1157604
15574659
18727930
1084987
21449779
15575062
11611009
995395
18947806
11610991
10025531
22854601
16296621
12561955
16180687
18727955
9058388
1235637
102358
21449782
27456986
15917335
14590991
26761283
15161385
15722222
14863301
9058476
2297798
29094634
29131439
29131459
29131460
29131461
29131518
29131519
29131520
29131521
29131522
29131523
29692392
6079949
6596927
14843189
15156304
15920585
15922360
16180693
16687791
16688044
17247807
17401599
18430098
19230874
19322320
19346492
19346838
19347005
19490308
11556484
11998057
12561870
12561954
13493856
13752040
1235183
1339478
92561
1339487
92563
2992267
1022039
24275386
67836
1022041
1339476
1866374
1339458
1022036
2425730
1866373
1866392
8747224
74339
1866397
15158000
1339461
1866394
10673476
8474536
1866396
30244313
15182385
30350555
3836115
7606949
8474534
1022042
21449817
2425732
9579373
21915232
2275128
30269053
20217467
10189573
23606923
3836117
13860018
3836111
2425729
9688950
5010742
7076226
25104972
7296218
10216995
8895694
10952406
20969867
30266171
2275126
27391930
22996976
6534531
24988741
30471003
14831318
27351274
16809994
18508580
10673474
27351310
30217192
30232842
30470915
18508570
21449821
29181898
24199064
9425200
24549420
18965535
27298097
19250012
2275131
4690607
17035393
11400385
4690609
28786399
29328445
29637422
4690613
8895710
24515355
10952410
25056229
23317248
2275125
4690615
4690616
4690608
28820743
7076232
7076228
10498569
10825810
11139240
15202308
18591112
13580869
4690612
27859384
27859390
27859404
27868682
27868707
27868733
27868734
27868735
29096138
18967640
23180369
23239819
23241980
11278447
30044066
18530094
27806299
27970816
7984255
8318261
8591864
9944766
10048721
10048723
10076063
10230271
10230274
10230538
10230539
10459653
10459866
10825734
10825742
10825749
10877957
11111039
27373628
27387771
27392334
27600251
27748271
27766777
27810231
27820091
27859375
27859397
27859400
27859403
27859405
27859431
27860003
27868680
27868681
27868727
27868728
27868729
27868730
27914181
27916863
27920542
27949182
28107171
28283248
28328932
28346486
28408409
28460754
28461219
28476959
28477095
28477269
28714382
29637166
29637801
29638228
29639375
29684563
29691374
29692533
29692702
29696268
29704093
29726025
29767116
29775373
29793840
29870409
29892256
30145390
30170114
30170756
30178049
30222214
30225321
30225982
30229128
30229164
30229618
30233656
30234075
30340849
30351543
30374867
30402741
30515806
30575711
30686587
30686918
20042944
20043770
20043771
20043880
20211604
20212717
20650151
20854476
20862805
20863389
21088199
21089808
21110040
21120583
21120598
21120726
21120927
21121881
21250497
21299965
21300274
21300365
21417501
22068603
22758257
23208029
23209002
23239973
23240165
23240341
23240641
23240877
23241026
23241360
23241823
23242485
13755255
13755259
13755605
13837575
9192681
10167497
28886462
18994097
23535633
31260895
31260880
24808233
31200072
23847751
27813561
27812315
27799995
31354625
30145390
1259409
30243880
1259423
6867277
9001649
26278469
2441245
27806615
29468994
29704495
29741173
29767888
29776041
15388379
20750204
20750267
31176042
67797
67835
1866404
2870071
3836093
1339460
3930816
2275113
1195933
15182373
30196368
10379811
4530724
4530726
9796489
1104187
4530725
1866398
90039
1866407
3836092
10379812
1866369
3931187
2275120
1866408
1866406
1104186
3836118
30244899
1866367
30268320
1104193
9796599
7911310
1104195
7019407
3930814
30361376
18411927
7076244
3836101
12651431
3930826
13961454
9058470
1104200
30470991
11611017
11164755
101051
1104196
110571
13045923
25801718
13195000
1259414
14580304
10952412
1104190
3836106
26950013
13099809
1516292
2425728
20644397
10024287
18508568
18535508
18531624
10788099
18041091
13107896
17741450
27300146
27351305
9425199
12091359
26950016
30617540
9894030
18404201
27304589
10952414
29583516
10788123
24276706
27801598
9208887
17298776
4690529
13752534
22748470
10617492
27850025
21686311
19586739
30210134
18405079
26514346
29319661
19706524
12652742
1104201
7076248
3836096
1516289
6870261
10498554
19496695
23259574
4372735
10167493
24960302
28498854
28010936
28245628
12091354
6867287
10249352
27812273
27813499
19044036
27293230
11581992
26455122
10292675
28246532
19091905
13347804
27809295
7072506
25321656
2380923
16804722
26188089
4690566
27930147
2752716
11581900
27370707
21109369
4690521
26281939
22737163
13688029
17035384
18508574
11164768
10249372
26801450
27740673
27850304
15563747
15563753
17741941
18473774
18534777
19496170
12652014
27351321
27351323
27351335
2148426
4690543
4690569
8780380
9971898
9971903
8998636
24811991
25005431
25939153
26732328
29624481
19672362
11332109
10362753
24919153
25005309
8333781
8333782
8333783
8333786
8333788
8333789
8333790
8333810
8385519
8416108
8416109
8416110
8416111
8864963
8864964
8864965
8865649
8999197
8999355
9426158
9944755
9964929
9964930
9964934
9964949
9964959
9965073
10075358
10076518
10076524
10143722
10143724
10167494
10292830
10351539
10362742
11250517
11250680
11250685
11250686
23846733
23917403
24149724
24281085
24592601
24804424
24804616
24807814
25005483
25127537
25492728
25585600
25864941
25894225
25911254
25939438
25939523
26311150
26447824
26513108
26514701
26514866
27061439
2509781
27261070
27263531
27263663
27286941
27432549
27432833
27433268
27434336
28979626
29370024
29370512
29370870
29372165
29372940
29378506
29378979
29379884
29380000
29380213
29380318
29380523
29380649
29381208
29381638
29382285
29383295
29383539
29383683
29384007
29388497
29445752
29445887
29446059
29447927
29448103
29448204
29465701
29466026
29468204
29583530
29591908
29614020
29620382
29621925
4457941
4457946
4457948
4457951
4457985
4908513
4933972
4971309
4971310
4971311
4971312
6202321
6439183
6870268
6872878
14750490
15190494
15191383
15191513
15202309
15207258
15297566
15563743
15563746
15812090
15875637
16421904
16422230
16422453
16423013
16423750
16424173
16476369
16476993
16687540
16804831
20810956
20811828
20975131
21066397
21323943
21526868
22637322
22769164
22931815
22932378
22932425
22932610
22932845
2137988
2137989
2137990
2137991
23116954
23141728
23142478
23317662
23524988
11278312
11278423
11286270
11286354
11286359
11286387
11286391
11326712
11384222
11428695
11435521
11437060
11439461
11442040
13752536
13752724
13754379
13754541
13755148
13755257
13757268
13820252
13957063
13957301
14380064
30290304
22944156
23847019
9425147
14445541
7015766
27433119
30957873
24515364
24516949
24515731
30616293
30617387
30617779
30616709
30615047
30616033
9424987
9425151
9425152
27824899
27907016
27898404
27821937
31370153
92564
13239577
1339468
30195929
94625
1339457
14831293
11611025
30350254
30241448
2992268
2425737
7076236
1259422
1339459
1866375
14142483
2275135
3836124
11610995
26167619
2991825
27351276
13835484
30237260
24063539
26326816
20234541
25598907
17246062
22705649
13542322
12815256
3836123
2275136
10498520
10825764
10888187
10985315
11111035
11111087
11173702
24969205
24969668
24969721
24970052
26178923
26179409
26515173
27556278
27753067
27753502
27859468
28477654
28478533
28866608
29480235
29510651
29510654
29510691
29546744
29628389
29628882
29795748
29796319
30050496
30229009
30235006
30237882
30238670
30346363
30426169
30949204
30617942
9192685
27809635
6867274
25897397
29537338
31477752
1981973
4372748
2290503
18508542
9717151
4529914
9717520
12473774
11375747
11332121
2132233
13869904
19143172
8895689
14831309
10834512
9717150
101034
14867696
13670384
1851914
13085351
14330520
16536405
11332103
17035412
10834580
30366737
14330524
16103626
11327883
14330510
17608414
18617948
29583499
16837610
14330339
12313606
12318915
20217312
21164894
23735841
10878047
19141177
13823309
13942269
13751986
2132234
29798407
24446144
14330505
14330506
10878036
10048729
11919340
14330513
18694969
8416172
29795177
19515102
13085353
17035419
8189445
8416105
12990607
14282367
17608452
10076506
19671225
16967938
17466998
8318473
25204660
25376716
25376925
2387629
27857547
28242386
28284104
28479077
28627250
28864881
28866606
28983097
29510903
29510940
29510945
29510976
29516038
29516668
29692049
29709021
29773629
30195747
30201929
30546152
30740908
30741035
30746126
31007643
3801083
3837840
4151996
6805849
6867571
15186759
15202151
15202203
21119764
21120080
21120264
21120498
21158906
21164505
21165697
21267475
21424537
22716972
22984290
22984418
22984423
11278333
11286350
11342667
11458432
11472296
11472727
11590669
11858052
11858053
11864936
11864986
11867035
12168170
12290469
12290470
12290520
12306784
12313300
12329308
12407948
12651561
12952774
12953353
12473836
10877951
10985318
29528460
8132564
18719339
29977716
9895805
17608441
19143235
4690506
21111357
11112467
30831236
20642966
21112854
21144315
12319269
31175564
31341353
31341498
110574
110573
1866361
110577
6534523
15155136
3930827
110576
20867512
3930829
30242714
1085745
15182552
3931189
1085744
3930831
8992867
20867592
30243679
21449786
9799170
3930828
1085746
7076240
110579
10673488
7019632
3930830
7019636
8719934
20866842
4263445
20864682
1022046
4774771
20864643
1866380
2425741
2992270
9799338
1866381
7112064
9895464
11494853
30359861
21459832
8754907
13109410
3837283
19313065
16289654
16289656
9895477
13926195
2992269
1866379
2425740
18508556
28242351
8719932
13682831
30021669
10952386
1259408
19865222
9895497
18508520
13509707
24293399
29269860
15264381
11919369
21476501
21477764
18971082
21475648
7112066
19983392
19983394
1954454
11494856
11857742
10498628
19745098
7112062
11494857
2275148
2385101
6707254
19983396
11997938
2992271
17739485
18969799
10379870
9895492
10498590
7295005
11857741
2275146
10952392
9895483
6707256
17738776
19362450
11610997
20291199
11857743
11589562
11919521
18975381
19097226
20864646
2275149
10051865
19868183
27764881
2477749
28283173
19279290
19723418
19723586
20666419
22470484
7112060
4690597
12974735
26334716
27790456
3837303
7393250
17402370
13099876
28013564
12580601
2275151
18508523
8120891
8330897
8865646
26066585
28423228
7222774
18534245
8318475
8330423
8653166
9192945
9425153
9425157
9894314
9964933
10051864
10051866
10051867
10051868
10075855
10077902
10087242
10109952
10110399
10110400
10110403
10307537
10362028
10362698
10379816
10379817
10379818
10379821
10379872
10646432
10646446
10646619
10646645
10825712
10825792
10825804
10825805
10825851
26740920
26835091
26835509
27024105
27024910
27025539
27025834
27026779
27287816
27468594
27468620
27468727
27790480
27903381
27970864
28070506
28070516
28070520
28070668
28070870
28070892
28076330
28161045
28175415
28185669
28242363
28253432
28253614
28254256
28254394
28282948
28283814
28284050
28288760
28292640
28293258
2883482
2991808
3492842
3837324
3975298
4152745
4458067
4610179
4827151
4857762
4877863
4985424
4985425
4991210
4991222
5255302
6362187
6439407
6477096
7230244
7482099
14550458
14550459
14550460
14713818
14904911
14907159
14907662
15202296
15274806
15275453
15275518
15275817
15298195
15374422
15374443
18391210
18391406
18532221
18533648
18534089
18534433
18563879
18564538
18599973
18599986
18600043
18600153
18618458
18628206
18749560
18794430
18913756
18914229
18914283
18939532
18996636
19083337
19090186
19090952
19091444
19092875
19096123
19097694
19213807
19223674
19279418
19279766
19314148
19319825
19320285
19358022
21054481
21063769
21110896
21111760
21113500
21121888
21122034
21145003
21145163
21268062
21268502
22467723
22595028
22596962
22597239
22623755
22661082
2139246
2139251
23035989
23036056
23036366
23036508
23036585
23036692
23108871
23112996
23115497
23118368
23118935
23119587
23139170
23154614
23319804
23320084
23424553
13942268
14030299
14030385
14364936
14369094
14396354
30344107
4196862
30548124
21043125
12562041
28072666
28841567
16180646
31333042
31086442
31086650
30391310
31087121
31085258
31084429
31083709
31084705
31084055
31085997
31082685
10362755
10362754
27772441
27760338
27761573
27303978
27761803
11325459
30850334
31314171
1281866
1516295
6534535
1479019
2275139
30244998
1479034
1479037
1866370
1281867
1479028
2659239
1104185
1281868
1479035
1235614
18508548
14114842
1235615
1479022
6534533
11610989
1104184
14831298
1479029
4377133
8895687
1866368
1479030
2275141
2910505
1479023
19159782
101056
6534537
24918314
28864607
1479032
29100395
10877948
23374142
10106871
9426022
10302186
27351330
12689011
24355525
10646507
30445464
29806341
6805737
21410461
1479025
21536032
28621449
10384179
21534381
2425731
8416404
14114965
1006652
6858543
19428586
28867098
20411413
9426250
1006649
8208625
26256707
13140333
20647318
6825989
20152419
12138584
18083460
18934527
30074987
16044210
29607048
23775996
19719182
28184075
29479925
12475723
19913249
26753744
18448030
28864800
28283810
27851097
22998991
28111472
25916681
29625210
20806911
20130184
23731040
12393149
13479524
25061229
30094637
14331880
10383789
14831296
10379775
26662106
12539454
28914192
17232193
11494535
28806975
28282951
15719206
10362799
10892428
19160327
19508637
19667825
8318535
2773537
18350200
20776070
23727965
27750128
5010722
19519750
10362727
19864729
20495889
14114855
25855179
27918741
28284264
3975052
18623329
19045260
14115332
23996037
25510220
12290519
14114854
4690464
30145874
10877947
19045271
21089130
12132792
13688236
14331891
8688822
9690857
10379857
10459754
10985304
25891674
25894787
26451932
28010205
28184081
28282124
28863654
29543536
15006469
16166321
18622451
20404428
11472414
11920032
13875134
30098723
10127774
10379901
2441197
2618779
29692522
15524323
18500827
23248308
10336279
10362777
8585606
8653007
8865723
9000860
9193429
9426245
9426370
9967406
10008540
10048340
10048754
10048764
10048788
10048812
10068617
10074633
10074745
10075484
10076097
11234583
10143734
10168234
10179333
10230258
10230545
10230546
10294432
10294682
10295338
10295746
10303249
10303321
10303340
10314598
10323819
10362438
11111436
11111444
11111446
11111682
11123386
11129013
11162049
11176326
11176344
11178312
11178402
11178410
11180637
11185082
11185202
11191477
11194452
11206069
11206547
11206548
11217804
23721089
23724933
23725470
23727058
23727570
23728219
23729232
23730625
23731067
23731306
23731678
23731688
23732145
23732906
23734755
24195376
24413383
24420739
24584105
24588191
24589818
24602853
24636577
24637326
24703463
24807214
24840301
24842301
24900669
25060267
25233306
25315300
25380427
25796840
25862218
25863054
25893059
25894626
26100089
26179873
26187062
26240030
26240453
26790288
2477743
2477765
26860702
26860974
26863957
26865707
27039364
28283726
28283891
28283910
28284100
28284102
28284253
28288873
28289471
28424192
28449628
28477458
28477513
28664201
28752291
28752319
28771975
28862678
28862684
28863250
28863251
28863305
28863384
28863443
28863459
28863502
28863630
28864025
28864044
28864066
28864229
28864463
28864515
28864516
28864517
28864798
28864852
29582596
29582699
29582810
29582877
29582932
29583086
2709876
29691525
29692182
29692294
29805298
29890741
29932132
29957459
30037961
30137446
30165698
30173700
30175276
30178160
30199690
30211565
30229992
30363440
30366839
30389395
30419394
30441970
30442136
30442478
30442799
30648556
30679079
30683206
30746246
30746647
4718032
4718042
4849217
6424613
7381331
14512365
14532294
14638734
14708762
14734039
14741062
14744412
14745872
14750403
14750489
14759875
14871260
14871664
14871908
14931415
14979047
14991514
15149711
15150219
15161505
15202297
15222417
15264291
15301987
15308099
15316892
15412216
15526160
15563757
15568376
15568394
18411971
18529025
18560306
18560317
18588383
18595078
18743875
18745397
18791759
18934465
18952746
18958956
18959919
18962768
18971255
18972962
18973657
19029282
19042234
19046333
19273468
19420881
19422091
19444454
19446963
19450161
19490511
19517523
19517843
19566157
19631198
19667604
19667946
19670000
19706781
19707309
21091807
21111611
21112456
21113499
21406629
21408185
21450026
21609433
22596873
22662770
2139250
22961026
22961305
22961354
23130257
23178033
23205126
23298474
23420895
23574431
11274665
11278278
11278281
11278336
11278396
11278398
11278399
11278416
11278420
11278426
11278466
11278470
11279880
11299767
11341528
11342107
12256449
12298024
12307687
12310091
12311506
12312120
12393174
12395697
12417928
12474043
12474044
12475793
12477909
12477910
12588089
12613431
12675122
12677236
12757932
12758803
12882969
12911666
12991401
13100034
13142092
13177735
13199056
13251875
13252541
13253240
13253717
13253955
13351353
13369990
13416664
13417391
14178558
14189717
14328015
14451821
30287468
2551053
2551091
30459656
4596353
8464410
21887823
10985215
10877949
10877946
10877950
10834500
31239794
30097111
30097392
30101181
12651980
21533602
21202367
29100420
24515729
30615721
10167681
31426695
30096920
30095476
30096179
30095729
30096399
31354244
31484040
18032126
18934467
18934998
20193148
20406238
20780350
20781892
20789842
20808327
20817718
21089099
21091113
21096187
21112584
21266887
22080389
31159608
31197304
31226966
31298585
31357129
31357346
31357575
31357915
31358019
30095572
30094871
30096547
31469018
31473885
31478035
31478276
31478768
31486449
31488260
8641342
10236006
8641340
19134811
4600444
8641344
2290492
10197939
18508529
8641350
7019425
24473572
20217261
8864961
4600445
20217264
3650679
4600443
4600446
27170796
2062339
957516
10236008
19134813
8641354
8641352
7019423
2062337
2062338
1235613
19134805
27994044
24651076
8641356
1133209
6058409
18414523
1235605
19134809
20217273
9426022
24930205
7215925
24658840
11166312
22960912
23406836
26515435
26655860
10025539
20262036
18508532
18540424
10025541
30700595
29873444
27252312
11166536
1235678
19157821
26619571
8653045
20762010
1235686
27188741
26669078
12840079
10088745
19134807
20217250
24930207
17111265
9922331
6773108
7117247
10985378
3650680
7117100
1235680
7221798
18743823
18276057
1235610
6116859
1235679
7117216
2773760
4194050
31457866
11582841
11494998
4739940
11582156
20217253
20217270
11582133
27187267
8903022
14279150
10069863
11582164
18705374
11582048
28356459
19831632
17948490
20217216
11167215
26716079
14478295
20217239
25964927
26602835
26619419
27253709
2993716
17929361
26633511
20217209
20217241
11225144
26066582
26561234
2679635
18823433
19833075
20150118
14330358
14370768
9423553
10985371
25243294
26756549
28730097
2992691
8415954
10088804
10985362
11225153
25020256
26620602
26621365
28294664
28602498
8641346
27184182
28259080
18891342
19454306
20062484
21493968
14330484
20217227
20217230
10985374
19398901
26718396
19283217
8865691
8873854
1235612
101002
8182566
8182568
8318265
8318442
8415964
8465829
8465830
8465834
8465835
8465838
8465839
8585751
8653044
8656144
8663076
8859082
8859093
8859098
10135579
10135606
10135608
10135609
10136051
10136093
10136359
10136381
10181346
10181670
10193265
10197220
10230986
10362758
10379927
10554637
10554642
10554711
10554715
10554801
10554815
10646380
10646389
10646406
10646423
10646438
10646439
10646484
10646527
10646528
10646534
10825714
10874771
10985367
10985368
10985373
11225160
11225161
11225162
11225163
11225164
11225165
11225166
11225167
11225168
11225169
11225170
11225171
11225172
11225173
11264927
11264935
23944138
24151423
24151952
24381699
24383006
2304016
2311937
25241656
25243779
25252422
25826053
25886297
25892005
25915596
26109071
26178489
2441210
26562856
26564369
26564712
27467121
27514572
27514921
27517330
27518211
27602499
2547845
2547852
2547856
27633716
27852868
2568028
2568029
2568030
2568037
2568039
2568042
2568043
2568048
2568053
2568064
2568070
2568071
27989931
28133035
28133098
28133188
28283249
28293287
28294322
28443842
28461790
28679537
28682578
28828719
28864740
29713733
29714976
29720111
29810745
29868058
29971771
29972168
30014731
30014735
30014738
30014739
30048641
30113834
30272815
30346996
30447882
30471756
30472501
30926496
31072931
31108013
2882560
2989100
2989110
2991559
2991845
2992238
2992663
2992686
2992687
2993021
2993493
2993679
2993681
2993906
2993912
16200989
16201093
16263028
16708456
16721804
16721808
16721811
16721816
16721839
16721843
16744325
16804677
16804756
16810457
16947954
16948049
16969766
16969907
16969917
16980366
16981664
16981777
16981779
17084638
17084727
17084780
17084906
17176911
17177632
17177695
17177838
17178016
17178242
17179711
17688877
17865736
19318871
19397629
19397763
19398956
19399041
19399133
19399203
19540084
19561253
19583995
19613009
19658266
19833708
19834112
19870889
20061540
20061774
20061901
20062262
20063300
20063442
20275514
20340323
20344492
20347728
20358187
20358623
20467065
20469655
20472162
20472722
20473331
20473615
20473908
20477627
20483034
23082042
23107587
23339914
23407028
11342499
11384189
11413518
11413685
11413686
11441520
11445545
11455876
11494978
11495050
11495069
11495101
11495147
11495164
11495176
11495177
11495353
11495358
11495369
11536197
11536259
11568358
11582004
11582167
11582169
11582174
11582634
11582833
11582941
11582978
11590918
11638025
12429575
12430712
12430714
12430715
12430716
12474030
12474032
12474034
12474614
12475750
12475955
12476534
12477915
12492363
12497653
12497654
12497836
12498522
12499084
12501454
12840127
12990605
12996823
13045834
13153057
13522313
13820010
13820172
13820254
13820278
13854579
13956568
14197241
14280744
14283269
14283319
4639114
20063473
14278592
1235606
10236000
10236004
2993039
17741741
2679651
17741714
24930193
8653067
10110404
10130507
10230541
10985376
10985377
24025025
2679652
2679667
3880816
15412760
15773328
22840531
11413363
31256824
31266975
31357033
31357802
20061430
31456501
31469834
31469884
31470281
31475338
31477419
9890201
4600452
4600454
1235697
20217279
1235620
1273756
17035397
1235619
24376785
1018710
4600453
13018789
4600439
4600451
9890197
1235623
1285797
1273755
10646606
1018714
20217282
19134349
1285796
957515
1285794
20217276
1018711
1285795
18414529
1235660
4600441
1006626
1006629
17035395
4600440
17643701
8131695
27518220
14371650
26189614
14114846
1235621
1235698
957514
4600450
18414531
16873044
1273759
2375025
8131709
7117274
19134457
25791828
7222028
30751398
14453662
14114838
14848498
18751260
13828919
29643863
24020709
2567822
14114847
14415817
1316062
7603020
2375028
14453150
10830696
24814293
11971569
8131688
8131689
8131697
8131698
8131718
8182467
10143735
10143739
10174741
10362719
10459833
10459835
10459845
10459851
10459858
10459859
10636988
10637025
10825659
10825713
10825756
10825757
10825759
10825760
10825762
10834478
10834479
10834480
10834481
10834482
10834483
10834484
24691897
24695963
24831516
14455485
14456384
14456571
14457073
14503197
14551274
14556056
14556344
14593916
14651722
14654841
14712186
14728270
14729540
14729630
14992998
15437887
15776570
15776776
15777027
16298704
16299070
16358794
16364273
16367390
16404210
16445262
16560194
16560594
16560947
16804295
16871997
16872630
16872791
16944838
16945059
12539457
13006380
13008878
14114844
14114845
14173947
14282163
14282232
14330752
14372363
27734191
27536504
31260448
31321117
13363593
13384061
13306398
1273760
4639043
4639120
4639036
4600437
4600449
10459838
10459849
10459850
15437888
16412160
19786667
21146396
13045921
31185862
31257980
31258209
31259561
31276302
18111911
18111909
4373083
1181018
13755763
2275170
18111896
18111900
18111891
13540009
18111898
14584483
17455581
14584485
18111906
14584481
18201405
1196111
12198504
11439992
13359277
14191030
24904231
10563383
18111894
19771454
8547349
18111884
12516836
25027124
10251305
11061014
23955914
8233886
10250302
9005276
9005295
14713695
15857264
18691345
11879294
19772547
16103444
16103502
21092824
8129016
4557759
18743860
9005110
13755767
18136258
11771413
12891239
16937949
16937953
16529375
17373596
13539028
23885681
18743857
19711739
11175237
7677010
8133006
8397658
8998492
9004576
9005065
9005130
9022735
9244994
9426163
11167126
11170732
11176851
11176854
11176858
11176862
11176866
11206052
11209777
11210034
11231208
11231220
11231222
11231230
11231232
11231237
23845468
23848666
23873624
24373116
24382734
24383318
24469066
24915036
25116135
25202958
25223691
2359651
2417022
27897264
28252920
28448576
28867066
28997926
29016816
29518440
7135432
8137780
7140656
7153193
7234108
7235048
7235259
14627445
14708774
14734132
14738138
15054283
15419813
15420866
15831575
15952973
15952982
15989416
16322885
16323653
17144144
17317246
17317380
17815302
17818046
18071206
18074693
18074986
18082588
18082839
18082890
18200903
18202567
18254071
18318772
18354905
11879284
12712876
12004883
12004888
12004891
12004898
12004901
12004904
12151979
12344805
12419246
12434033
12690589
12701452
12905011
13019685
13019686
13019696
13248456
13248970
13249735
13250251
13250879
13252101
13252547
13253024
13412341
13510727
13820065
13820107
13820128
13820201
13820229
13820258
14030127
14030450
31179148
31177882
31175509
31282572
31298292
31422949
31423150
31423449
31423715
31529939
31534247
31542158
2131086
30196073
4600458
1273766
12432272
4284433
4284434
4284432
4600459
30440950
18887663
1018707
23226246
9890195
10459714
1018725
25147787
10158125
17360161
18617950
18926252
6870251
19521240
16180460
29966610
8189458
28250222
19436645
8189422
21112529
2375052
20019455
19540916
25407940
22497675
8189428
19524594
21422434
7234847
28283343
12020713
8189423
10418350
24164929
28669047
17298778
2375001
2375012
2375016
2375035
9192943
10130624
10362029
24417528
24419998
28248493
17142431
14331247
23871560
28304115
14280335
19778004
8182556
8189450
8416376
8688837
8983421
8983470
10168236
10168238
10294910
10326944
28437429
28441084
28441607
28447827
28448475
28448823
28449511
28450174
28450208
28752303
28862526
28863274
28864694
28872203
28872885
29124125
2679598
29449948
29530701
29573646
29692120
29692311
29692336
29692338
29868992
29960915
30088204
30178156
30340494
30490493
30490581
30682857
30683192
30713148
30977000
31053090
19736529
19787454
19787723
19872820
19873012
19912453
19998054
20053862
21051295
21084676
21092404
21111704
21111891
21112532
21112619
21144983
21146265
23130944
23202980
23503822
23504091
23559384
11278300
12813064
13151974
13151975
13151976
13215517
13500529
14029696
14330807
31108172
17298780
1941947
10459758
21144538
4664637
4664646
4664648
101063
14601137
101065
11130184
4664647
19707075
4664638
101064
4664641
4664655
4664649
4664645
10358286
10357321
17700128
4664642
8273193
4667097
4664653
4664656
2275172
1467174
4667110
16299400
1467173
16305932
4664644
4664639
8318257
101062
4664643
4667114
15564254
1467171
4667105
1467170
2275171
4667102
4878827
8180200
10806869
8180184
17762031
15564250
16307274
19706282
29026479
13206506
15564266
16544206
18943617
12249104
8180204
15564258
18768494
18927278
8180205
16323657
16937444
18768743
13206496
18132227
15564272
16065540
16324528
17761498
13206625
13698998
8273207
11213886
11213888
7551933
28715587
29363603
29403573
29546782
30401243
30405478
30572814
30932681
30932712
30932988
30990692
7869781
3878220
4871656
4878828
4899918
6872775
15564253
15564255
15564256
15564257
15564259
15564260
15564261
15564262
15564263
15564265
15564267
15564268
15564269
15564270
15564271
15781781
19589010
19839574
20290797
20290814
20290815
20291352
20356273
20356536
11369426
13193849
13196357
13206499
13206511
29350991
18131656
30945880
13134420
20210892
31311353
30936673
29348367
30512718
31451189
17762486
31515762
31539656
12248968
9193149
10379867
9193146
10379868
11180716
7258391
18768638
12063627
31393915
23635440
10133949
23628842
25447343
23638048
28951335
28533437
26832286
28914214
23616489
29511763
17371735
28909990
6837821
23046026
28909483
30047693
14756321
10133958
22052528
23634615
10133924
7151920
2662836
14114843
23631546
10133943
25434626
23793669
14114841
6837816
13657906
10133965
23616691
28583379
28218946
24617544
24617612
24622739
24814749
24825760
24827891
24830080
25009305
25434165
25439268
25441725
25775220
25791682
25892943
26061101
26078727
26079396
26370012
26370978
26371404
26373247
2440998
26939105
27454994
27620119
27620314
27620353
27851175
27900495
27900514
27900515
27900516
27900517
27900536
27900749
28103925
30241527
30242741
30244760
30248610
30248974
30249378
30249578
30250201
30250770
30251267
30251482
30251654
30252125
30252455
30252982
30253272
30304453
30429945
30430883
30431378
30431774
30435502
30436073
30437822
30439292
30442115
30967161
30967588
30973186
30973610
30976336
30977989
30980998
31074452
31117349
16444929
13502008
13502009
13502010
13502011
13502012
13502013
13502014
13502017
13502018
13502019
13502020
13502021
13502022
13502023
13502024
13502025
13502026
13657768
13657823
14452949
3881214
3881211
3881221
18387303
28402172
11577440
10133972
10133969
10133971
10133970
10133959
10133946
10133956
10133925
10133922
31351238
