27452921
27452912
27453404
27452932
26341031
8351346
8075245
25236583
9078303
8929875
10908722
6625939
10943683
6855982
27452915
8874307
8825121
8967833
8930484
11215803
6668661
26855694
9519812
8967967
25242873
8136892
24333490
12924017
8024237
8074254
23399912
13102874
6868056
25137161
12216848
26096213
21363995
27725444
12683258
30439882
20195327
8719286
8442197
24221966
7129812
27397028
10148995
2587008
9024092
19434186
24723103
29285087
15752047
23462929
8968442
27746524
10341198
22710608
8823150
12749491
26185435
25171516
24222256
25822096
8968171
29111252
27390482
8930496
11303945
24193417
27220896
23927059
9809304
28868532
25504137
20656994
28704362
30866910
9355123
19981305
9353685
14864510
8242154
23724523
13514388
20930143
15048475
24420991
8967808
27750095
27320481
24336571
28092752
24893622
16536609
8968317
27392457
26692214
27739624
27189751
27495317
23674575
24363073
29111190
13332489
8968252
8273713
15448951
27483285
25589869
28366417
12924322
28166930
23314504
23314984
8968367
13017971
10909743
21496927
8073965
28074065
18407096
13098710
23673712
18331081
20952263
18412093
23398520
28071146
8127244
8186571
8968300
12952582
26939234
19701965
8968498
27404665
26916505
11527226
24457248
24980199
12885061
8968336
18529265
8968148
28759956
19699994
27262002
21273183
27261443
30805035
27261655
6867531
3946695
8967782
7460808
9795101
10401201
6935285
8457973
11099675
8074601
6625277
11401248
11028696
2467049
8922517
11029002
7074837
8074241
21506505
7558183
18406306
6867913
10344524
10344050
10546177
2998551
7233348
7074671
7864870
2587000
6625933
21059495
11028805
30308853
8149041
2477921
12481724
3951803
8824659
21478054
18331394
10342033
18406313
23346297
11527243
26871953
24191766
23928414
24108510
8075261
27763041
20929842
23857172
11889081
28791859
10999407
24119878
27063808
24203988
28228334
20464349
18331037
23704390
20007343
10152111
3878344
20745132
27452863
24629197
24203139
28151811
15048428
8930067
28671954
9616381
24189351
24195385
24714139
26492224
26862015
28756426
8968332
21050866
23933931
28435392
15544127
26939596
25570140
24652562
24468083
23889108
24191170
24203327
26068638
28026289
23508163
27401123
8968460
7074615
24177345
8968716
10990158
11029647
26672089
27221500
27306898
27494706
28176648
29020961
17162480
18331056
20079301
8968292
8967964
8968322
28307587
15170159
8468912
25451472
7559957
8074933
9798094
11065794
11100365
24203199
24332875
24976307
25175601
25842384
26046809
27215707
27494027
27709049
27909278
28107214
29181833
6623978
6624119
18331484
23555963
12970053
8968304
8968276
20252044
3878488
20087167
3074603
29468466
27755384
8183864
9072271
9920024
9830889
9887198
24172545
24364181
27221610
28077653
28717909
7460817
7559697
15048331
15048388
16502019
26448389
19945875
20005114
20077875
23003686
23318806
23321985
12924040
27995948
3934220
3878359
11744990
16369852
16502399
18330956
18478081
20078583
24566507
23376100
29472335
10944576
10978773
28120755
7663782
9251232
24203685
26342269
26914364
27345346
27744522
28168358
28384292
28682533
28701805
15048238
15517033
20083393
12924002
13288148
27965055
3938045
28306584
8935197
10236609
13097683
8967900
27063018
24602700
28300043
18331546
18472098
8493979
8969229
9813709
11028648
23848993
12923945
18470955
8968374
8967943
3097219
24448995
28115012
27062899
4059652
3147366
25197097
26094208
7576702
7665461
7665466
7665472
7666148
7666738
7667707
7668308
7671887
7673938
7675197
7675239
8183597
8184662
8192632
8192667
8192733
8244604
8341939
8343301
8442221
8475398
11999891
8475450
8475452
11159231
8475456
8475458
8524558
8524565
8524571
8531712
8532476
8538256
8679534
8680070
8680579
8825207
8825222
8873220
8873321
8935272
8937287
8968662
8968681
8968693
8968699
8968722
9078287
9078321
9078449
9078452
9078462
9079536
9086605
9186514
9199207
9251313
9251317
9251335
9251343
9251348
9251379
9251384
9251390
9251395
9251409
9251412
9382588
9385276
27939865
9390845
9452448
9452537
9517980
9592084
9599893
9616384
9677523
9716341
9717711
9717718
9746516
9746518
9830956
9838132
9838138
9838841
9841563
9841586
9841647
9847607
9848558
9848730
9857789
9859174
9859534
9865649
9866830
9871965
9872044
9872051
9872052
9876074
9877919
9878476
9880356
9882318
9882410
9882629
9882860
9884600
9887519
9887736
9887864
9887865
9887866
9888740
9888921
9891011
9924964
9925108
9926150
9926800
9927082
9928051
9928250
9929419
9931672
9932677
9938711
9940076
9940241
9940914
9941457
9956574
9956684
9957915
9959171
9959926
9960518
9962151
9962727
9963090
9963115
9968938
9984308
9984977
9986940
9988275
9988357
9988424
9989682
9990052
9996940
9996941
10029653
10075613
10076801
10246555
10304116
10336762
10338173
10338187
10340803
10340815
10342026
10342027
10342029
10344137
10344501
10344566
10401282
10434289
10451897
10460935
10485817
10505151
10552929
10554459
10554651
10554790
10633704
10634218
10634683
10694297
10695799
10697688
10700281
10700887
10701745
10719224
11028665
11028678
11029039
11043940
11057891
11065790
11065799
11065803
11098350
12012267
11099792
11099905
11099920
11099936
11099948
11100202
11100424
11100653
11110861
11110862
11158925
11173109
11178348
11180205
11209138
11210064
11215825
11219650
11227599
11227692
11227706
11251002
11251083
11251133
11254186
11257460
23932011
23968484
23977261
23978356
23978597
23979239
24000927
24012302
24017183
24018817
24024315
24079174
24096038
24097765
24107545
24113602
24118583
24119820
24120236
24120483
24121712
24154429
24156825
24157079
24157866
24179921
24185195
24185580
24186269
24187158
24189456
24192502
24197731
24203037
24203295
24203696
24510515
24515338
24515352
24517525
24524402
24524806
24540535
24544554
24549338
24549409
24560627
24561683
24561963
24562489
24563238
24566034
24566788
24567256
24568152
24568910
24569060
24569768
24570738
24581925
24593178
24593536
24593702
24593880
24600422
24601708
24602156
24602496
24602752
24602920
24603553
24605833
24808970
24809674
24810460
24811193
24811798
24813224
24814221
24815290
24825756
24827711
24828554
24874263
24874500
24874707
24874838
24881028
24882305
24883131
24895071
24902222
24960114
24961289
24963276
24963620
24964766
24965512
24975329
24976867
24977753
25010141
25010843
25020542
25021746
25022767
25077153
25077630
25175096
25175688
25175803
25191706
25205187
25207865
25213378
25228815
25239692
25265901
25266121
25266972
25474648
25475100
25475452
25476605
25476811
25477377
25478023
25478227
25496008
25498334
25499834
25519481
25519982
25520154
25530623
25532312
25543541
25543909
25546773
25547198
25549218
25583303
25588559
25613542
25842502
25868270
25870287
25938659
26018965
26019341
26020621
26020671
26021121
26021488
26032335
26032608
26034573
26045223
26047525
26068628
26073200
26069053
26069100
26083267
26093267
26094978
26099031
26099471
26104277
26104448
26106127
26115595
26147709
26149491
26155111
26155124
26188524
26197676
26270326
26334447
26681299
26682524
26683853
26691544
26698063
26704145
26704286
26704781
26737656
26738818
26842309
26850418
26878247
26938566
26940443
26954263
26991043
26991362
26991595
28092058
26992047
26992302
26992574
26997834
26998070
26998098
26998138
27013337
27014666
27022697
27024942
27029692
27047465
27061219
27061428
27061676
27560360
27564430
27569603
27572904
27606112
27623224
27624907
27649977
2551018
2551019
2551020
2551022
2551023
2551025
2551026
2551027
2551030
2551031
2551033
27685970
27686179
27686557
27688003
27689938
27690061
27690320
27690710
27697393
27697405
27697406
27697420
27697425
27697448
27697465
27697514
27697547
27736270
27737196
27737480
27738899
27739060
27739242
27740075
27741060
27743211
27747768
27827162
27748368
27748618
27749533
27750385
27751199
27751211
27752157
27752807
27753500
27755574
27756323
27756614
27760637
27767912
27769241
27771020
27771937
27776131
27801194
27802349
27804075
27806686
27812286
27814024
27815217
28070448
28070634
28070844
28071757
28074416
28077393
28078210
28078721
28080309
28086014
2586997
28113693
28113810
28114888
28116555
28116937
28117623
28118360
28118504
28119488
28142007
28144551
28144912
28148094
28149408
28150462
28151577
28152313
28152889
28159187
28168143
28173582
28202988
28203247
28203432
28203947
28305357
28321517
28323392
28346440
28358422
28367102
28370906
28372685
28375147
28379478
28379698
28380531
28380578
28380959
28381512
28381527
28381922
28382394
28386284
28386510
28392789
28393049
28393510
28404095
28408596
28411221
28415386
28416861
28418221
28419118
28419716
28420129
28436115
28455584
28486825
28506316
28666693
28666917
28667273
28668099
28669099
29958493
28674050
28675984
28682690
28686236
28687668
28703025
28716119
28717654
28718068
28718079
28718637
28718712
28719238
28719319
28721823
28722641
28730077
28734863
28736967
28737971
28738976
28742534
28747458
28751779
28752557
28753494
28754342
28755414
28756615
28757831
29036726
29036747
29036760
29036767
29036773
29037767
29038727
29043312
29043329
29043355
29043361
29044551
29046853
29047522
29047532
29061338
29061347
29061360
29061384
29061392
29061400
29061409
29061416
29061426
29061431
29061436
29061448
29061454
29061459
29068108
29068620
29069568
29096565
29096570
29096574
29106538
29161836
29162015
29181057
29190574
29202316
29203622
29204845
29207530
29217992
29218000
29218026
29218036
29223975
29223977
29223991
29223997
29224004
29224016
29228150
29228152
29228179
29228187
29228202
29230696
29230716
29233376
29234999
29235003
29235013
29235020
29235034
29239843
29244024
29244034
29244216
29244223
29302666
29302677
29304242
29306914
29309163
29309198
29311306
29312028
29312039
29341006
29341083
29341158
29341218
29341363
29341854
29346228
29346233
29346245
29347055
29355513
29358986
29360174
29360186
29360189
29360195
29360927
29372596
29373288
29374934
29376419
29377432
29377902
29379700
29379964
29380093
29380102
29561666
30952841
30953259
30953353
30954532
30960712
30956555
30954207
29581134
29581278
29581392
29581505
29581559
29608415
29612913
29620631
29625993
29644410
29645281
29648869
29648874
29657120
29657576
29657897
29658113
29658266
29658489
29658663
29670517
29674671
29684605
29695573
29697044
30951557
30955620
30958746
29801640
29804300
29816082
29841306
29842922
29845997
29849789
29850150
29850426
29867878
29873502
29873661
29876801
29879003
29879739
29880103
29881136
29883397
29887374
29888664
29890573
29892175
29892859
29893834
29893907
30432469
29929551
29968261
30013941
30052494
30153860
30154102
30155382
30155556
30156026
30156163
30270662
30273295
30283951
30285539
30286877
30287257
30287483
30287648
30288484
30290923
30314521
30315832
30317475
30342791
30344047
30345459
30346730
30352082
30352272
30355773
30355912
30363071
30365815
30374518
30415643
30416221
30416819
30428527
30429556
30430187
30431011
30432600
30433096
2773758
2773759
30453859
30662598
30662620
30662680
30678718
30682378
30683373
30683756
30684706
30685808
30685941
30686505
30715210
30715511
30715712
30725056
30726463
30739903
30741276
30742384
30742996
30743165
30743728
30744127
30744577
30759224
30763237
30764979
30765943
30766621
30767359
30767813
30768627
30769277
30770557
30771359
30771935
31044832
31058178
31060643
31064797
31071239
31087502
31087623
31112580
31116837
31122774
2890553
2890557
2890564
2890565
2937379
3065265
3065266
3065751
3065752
3065757
3065846
3065869
3066338
3066543
3316644
3316695
3316807
3316895
3329851
3429986
3430125
3435518
3435542
3435825
3435839
3436133
3869093
3871655
3873191
3873200
3878263
3878293
3878561
3884312
3884318
3884326
3884893
3884898
3930609
3944295
3944296
4059650
4183236
4198474
4198476
4238619
9461298
4382076
4385263
4386125
12257508
9243084
4402915
9219757
4441903
4560282
4560712
4562029
4562088
4562322
6292609
6553773
7254737
7256144
7266611
7266618
7266622
7266665
7269903
7287342
7327814
7376827
7376838
7376845
7376855
7376869
7377016
7421457
7421460
7421482
7421918
7421942
7422874
7428589
7559300
7559329
7559672
7559673
7559691
7559718
7559965
7559968
14545080
14607205
14807737
14873809
14874911
15397117
15052224
15052228
15052232
15054018
15150451
15150965
15156808
15157675
15158112
15158121
15158967
15162409
15162412
15162416
15162418
16725447
15162424
15162432
15162436
15162442
15162447
15162449
15162477
15162480
15162483
15162487
15162491
15162498
15162502
15162503
15163539
15163541
15217395
15218673
15218684
15218692
16172852
16214923
16216790
16217139
16217521
16218521
16221005
16238982
16239902
16240043
16241215
16256401
16257477
16257678
16258550
16259570
16259795
16259800
16262120
16275377
16275883
16287086
16305132
16306302
16339424
16357521
16379900
1637849
1637857
1637882
16453318
16481553
16491933
16494332
16501780
16501847
16917484
16917919
16962451
16962939
16984790
16990044
17001467
17145317
17198122
17214462
17217030
17219420
17268678
17271572
17329660
17396647
17414217
17424178
17488628
17539767
17667886
17679174
17767110
17800125
17804833
17817302
17820746
17886345
17892104
17894397
18028036
18041695
18079759
18085137
18085609
18087232
18381228
18388365
18388393
18388398
18398787
18402229
18402874
18405872
18406304
18408732
18424687
18427241
18668655
18669247
18455701
18457112
18475810
18504889
18691189
18707098
18769258
18782349
18806244
18828791
18833149
18833301
18837503
18842833
18868778
18888609
18889778
18898176
18904310
18905630
18962984
18999989
19545895
19547336
19549938
19551956
19553292
19554320
19554567
19555682
19563417
19567021
19568077
19571911
19584629
19599841
19601187
19601739
19656360
19657360
19658041
19664810
19666630
19667840
19669229
19670099
19671776
19673715
19674368
19675084
19680738
19686092
19691672
19699658
19699691
19699701
19699716
19699789
20078562
20079942
20082948
20084390
20085608
20085631
20086120
20088449
20089873
20093202
20191045
20191494
20192756
20195590
20200306
20206492
20207836
20208083
20208594
20210718
20212507
20282074
20283346
20283528
20283819
20289002
20290172
20292007
20309018
20310688
1931025
20315904
20321281
20326216
20328149
20341256
20462787
20465193
20476185
20484717
20488139
20658290
20660139
30632014
20667008
20689295
20689867
20691016
20696724
20696795
20728454
20728709
20759599
20760822
30772270
30774956
20768942
20772118
30780466
20779694
20779917
20779971
20782545
20783919
20790868
20804041
20804466
20804896
20805338
20805954
20806831
20817708
20899789
20900055
20947199
20947627
20949369
20950589
20959990
20960565
20961400
20961609
20962254
20962798
20964237
20966314
20966690
20974720
20975279
20978309
20990107
20991072
20992485
20994914
20995181
21002956
21004118
21004534
21006898
21018642
21019011
30805162
30805207
30805266
30805123
21059807
30804952
21062916
21472741
21475564
21476091
21476161
21478379
21478587
21479324
21479691
21493906
21493962
21493993
21494015
21494174
21494308
21494574
21494663
21494702
21494730
21494812
21495100
21495131
21495192
21495208
21495230
21495307
21495491
21495928
21496277
21496633
21496714
21496740
21497020
21497131
21497229
21497280
21497303
22649287
22652892
22657640
22659610
22660672
22661610
22661873
22662044
22681929
22683557
22706184
22706346
23771172
22710702
22793284
22902729
22922177
22925234
22984832
23018626
23058971
23072584
23074430
23077253
23079057
23140944
23190207
23190653
23191463
23191958
23301120
23301852
23302546
23303985
23311060
23311832
23403759
23404380
23404796
23405137
23406811
23406916
23408935
23409810
23410117
23413146
23415414
23418487
23419195
23444875
23457047
23458256
23460170
23461300
23466061
23466153
23479291
23481603
23481658
23486877
29004334
23494857
27827195
23499261
23500215
23515082
23525165
23525836
23526689
23527184
23528111
23528961
23547696
23548188
23548265
23550817
23552217
23558942
23561316
23563056
23564918
23567356
23568351
23568871
11273575
11273843
11277452
11324224
11324543
11330473
11354971
11380046
11380051
11380309
11380313
11380396
11380400
11380403
11380425
11380455
11380472
11380474
11380475
11380528
11381285
11381940
11382013
11382055
13060577
13060556
13060591
19509876
29198872
24246676
15574375
14890329
2212494
26678299
10537817
18493972
13842088
19509866
10537781
9189937
9190025
19005423
15574434
11234055
24653612
15574418
11164661
11031315
13060529
17683904
28344524
13060554
10537749
25792014
23968321
15056538
21569433
18519193
26994566
13060517
16666909
11031407
11234055
16512267
30455811
26453875
19260002
20092175
11233209
11164661
29507763
29507768
29507773
19011000
18534594
20171489
10491524
17683904
29888881
28604603
10537749
8365067
4562334
14843561
11873220
10818949
8931835
15056538
22584729
1511006
1599488
13779493
11308071
9383248
13400358
1599491
10537813
24766700
21221224
21220246
16511582
8937242
15267157
22671254
8967342
11031249
26667445
23873606
12965094
27763849
28957157
13903126
27692702
15698169
16279699
18775343
9385047
27270837
28120718
14843545
15574450
16033328
18865617
21220610
22293475
11031446
11095148
24077845
27677179
27806363
16050694
17048279
10358206
10936587
24021184
16181397
21169735
12969134
11031396
11218876
7106131
15699367
17683508
13362466
9630119
25500286
26757767
28162385
14843551
17684707
22602635
29857676
16801894
18652213
18802669
18954645
10839275
11233708
16801892
18870827
25056151
10491597
4562814
17067777
21222459
22282495
8074168
8132953
8931955
8931959
8934090
8935490
8935588
8935594
8936651
8936962
8937132
8937168
8937223
8937238
9071473
9071485
9074196
9074373
9099558
9119613
9120517
9121367
9121393
9485782
9141315
9141481
9141843
9141853
9142568
9145558
9153312
9383981
9384010
9384016
9384534
9384586
9384676
9384704
9617329
9630078
9630081
9630093
9630104
9676536
9678563
9678589
9683081
9683113
9683132
9695659
9695726
9695949
9697632
9708624
9710058
9710981
9712636
9716945
9716958
9717283
9798587
9798605
9798623
9809849
9859257
9911154
9911802
9913827
9997494
9997608
10074670
10075926
10150263
10326563
10499961
10525557
10525568
10525625
10525724
10533003
10537779
10537788
10537796
10537797
10537806
10562034
10608364
10633870
10635835
10837454
10837526
10837818
10839662
10840260
10848340
10848347
10895722
10943020
10944147
10944432
10944441
10944446
10980413
11007795
11031046
11031193
11031248
13239516
11031296
11031325
11095098
11095121
11095165
21679762
11095234
11095241
11139002
11143720
11143803
11143859
11143899
11143912
11177912
11177916
11183823
11184917
11185435
11185843
11188098
11189638
11189662
11191479
11195362
11196012
11196521
11199709
11214210
11214380
11214503
11214558
11215140
11215152
11215713
11218293
11220405
11220610
24014934
24015498
24016950
24018833
24032146
24053729
24055042
24057428
24059168
24060050
24061711
24065350
24067616
24075670
24081904
24086720
24095672
24113522
24181235
24182168
24183239
24258281
24261567
24262330
24263638
24264584
24269345
24269831
24270416
24270450
24271497
24271919
24284621
24414037
24481190
24481271
26075360
29860957
26344821
26661743
26663892
26664755
26666156
26668653
26669636
26670566
26671698
26671902
26760084
26762963
28023996
26767510
26768301
26769526
26770793
26771863
26772467
26773597
26774349
26774841
26775480
26775974
26777025
26778855
26782466
26986181
26993683
26994113
26895871
26895882
26995167
26895940
27766662
27769134
27772364
27810427
27811581
27816089
27821896
27822813
27823326
27825861
27828857
27830850
27901459
27909259
27909523
27936561
27938104
27939497
27944209
27945554
27974625
27976195
27977703
27979488
27981676
27983761
27985802
27988112
27988833
27990302
27994976
27995412
27996266
28000028
28001620
28003193
28092996
28093378
28094888
28096174
28098391
28103272
28104867
28106306
28108729
28109607
28110559
28117254
28117259
28117366
28117424
28117444
28117492
28117502
28117507
28117526
28117627
28117632
28117716
28120322
28120329
28120343
28120514
28120531
28120723
28120765
28120785
28120884
28120891
28120898
28121070
28121388
28373038
28373653
28376498
28382722
28407075
28408930
28411971
28413579
28415518
28417428
28418227
28422738
28424648
28426138
28427509
28438112
28454599
28455200
28455501
28462448
28582915
28592312
28595500
28599686
28601240
28612248
28616340
28620271
28750696
28755441
28855699
28860163
28866776
28869155
28949514
28952022
29210093
29211724
29212084
29512937
29519856
29525263
29528202
29530805
29661106
2719639
29776486
29872375
29891976
29930795
29932385
30326765
30339281
30981195
30981225
30981236
30981264
30981289
30981300
30981325
30981352
30981377
30981394
30981503
30981508
30981523
30981534
30981550
30981578
30981604
30981622
30981646
3216152
4122220
4122222
4248679
4248688
4248690
4248693
4250959
4250975
4250978
4250981
4251026
4251054
4251987
4279434
4279445
4366387
4367360
4442302
4442445
4442565
4477534
4502655
4502841
4562827
4562938
4563381
4589126
4589199
4589290
4589294
4589296
4589302
4589304
4589406
4589408
4663365
4664997
4665363
4665367
4665565
4665654
4714982
4825454
4825557
4907975
4982818
5323129
5323330
6053446
6112275
6490198
6614573
7106123
7147778
7150517
14482842
14485711
14488352
14514466
14514502
14514514
14514551
14567271
14567753
14569376
14569577
14570040
14572178
14606652
14676160
14766782
15053352
15053356
15053360
15053369
15053381
15053387
15053390
15053399
15053407
15056574
15056600
15153825
15263485
15267167
15366692
15366740
15367184
15367763
15368232
15369092
15369534
15369833
15370131
15370138
15448779
15448783
15448789
15448794
15448815
15448819
15448823
15448828
15448861
15448866
15448870
15448878
16240970
16241219
16247915
16277698
16280821
16281447
16282041
23897783
16285932
16286341
16287286
16288972
16291691
16292580
16294917
16296838
16298212
16299502
16330673
16333402
16335602
16338837
16339448
16341463
16353081
16357567
16366341
16379019
16439155
16495573
16495591
16495605
16495680
16495697
16495709
16495735
16511404
16511417
16511459
16511465
16511475
16511480
16511490
16511501
16511527
16511540
16511545
16511557
16511566
16511606
16511618
16511622
16511629
16511632
16511644
16511662
16511666
16511676
16511682
16511689
16511700
16511707
16511716
16511726
16511739
16511749
16511752
16511763
16511771
16511779
16511786
16511800
16512664
16512671
16512688
16515567
16515578
16515601
16515607
16515612
16515628
16515651
16515659
16515668
16515680
16515683
16515687
16515695
16515704
16527010
16529558
16530544
16535558
16536860
16539777
16541760
16542338
16544221
16544248
16544684
16544964
16546109
16547202
16547545
16548028
16549079
16549878
16550583
16801832
16801847
16801858
16801870
16801873
16801880
16801885
16801888
16821375
16823228
16826032
16833149
16892017
16904712
16905704
16913773
17030565
17048611
17048636
17048646
17048943
17048991
17051636
17052412
17052633
26811273
17245795
17436849
17682177
17682391
17682876
17683464
17683753
17684212
17684367
17684777
19009118
19009421
19009802
19010029
19010179
19020263
19253343
19265674
19275647
19456022
19458652
19481354
19483922
19487248
19497451
26857342
19597820
19600838
19607808
20042322
20085166
20317564
20656621
20991851
20991982
20992515
21185704
21220208
21220220
21220268
21220283
21220375
21220547
21220559
21220594
21220685
21511848
21512261
21556861
21556950
23623162
21558024
21558130
23623155
21569197
23623149
23739294
21569326
21569366
21569411
21569422
21569463
21569577
21569733
23739650
21569880
21569962
21570008
21570026
21570042
21570158
21570276
23739330
21570483
23739663
21571235
21571402
21571586
23623396
21676183
21678548
21681368
22670744
22670612
22670869
22671157
22670485
22670375
22671138
22670153
22670843
22670616
22671166
22670475
22670454
22670770
22670458
22670130
22671225
22671348
22671417
22671422
22709197
22776457
22793295
22796224
22796659
22796946
22797755
22798408
22799930
22801264
22801678
22801907
22802361
22802809
22803236
22803430
11624033
11651872
11624092
12030309
12347195
12842133
12843527
12848899
12921730
12921736
12921748
13004954
13015623
13015897
13017170
13017644
13017734
13068730
13069948
13190952
13192318
26836773
13207356
13260853
13260974
13261211
13288129
13303923
13303985
13323588
13400258
13504904
13506285
13584391
13585199
22674718
1715568
8365547
8365627
9074318
9997632
10499909
23814641
23903187
25069001
26953206
27721140
27813566
27998274
4502667
4563075
4589372
6621407
14890923
15048517
16495660
16801775
16801781
16801813
1715570
17941900
19572209
20173750
22285533
22584675
23142847
14266369
31186402
22231195
31426902
13939818
6364188
23051471
13939806
22704679
2772732
6364166
2774075
4477579
6459297
9938696
25218382
6364167
13939808
2713858
13939804
6364186
8867348
11138877
2889172
23051467
4479011
2673341
6124957
25218759
1070951
16328395
18148068
9938693
9938695
2773574
19964980
10614762
2665153
12146598
6364192
30279764
20298799
12926780
29845436
23051475
28489446
22717154
6364122
8824737
12957560
30292526
18237071
27331219
27331848
23724920
21006565
19983263
6364077
26357765
19227081
11873219
19488034
18147900
10014458
10014477
15396828
18283494
23196867
3318151
7559377
2773858
27332821
20657285
10614761
19752322
20298405
11403636
12926779
20458756
1070948
4712444
11413187
6458796
8815095
30952333
30952337
11215211
25218439
2774131
3659510
22705642
2773081
19967757
30039539
22705811
22697747
19695659
20656351
6364194
6607576
6364193
6615004
2774072
2568146
22758152
25219163
1262668
12096221
12926785
9938678
27332912
16991017
23676990
23727875
18283481
21615270
16990188
21074487
22703836
13280805
9938703
24102818
29209236
18238236
22147417
22705980
23192269
18036920
28271981
4715524
19429220
13932449
18397767
7984889
25082302
20656345
11946270
11948257
21615365
23197727
23051479
28303059
6354286
20294975
1262667
23621130
29139994
20460638
9709494
9887705
10014397
10014456
10014466
10014471
26349635
10095609
10148868
10608468
10737551
10737906
10737927
10737928
10839194
10944354
10977651
10980559
11196744
23621680
23626458
23627477
23628360
23672165
23672256
23672508
23672651
23672697
23672859
23672914
23672966
23672987
23673019
23673247
23673249
23673830
24026243
24087049
24052583
24079067
24027709
24028854
24029774
24030847
24031205
24034622
24056109
24060748
24061516
24062017
24062520
24063336
24066124
24066334
24066914
24068504
24068589
24080329
24081048
24081124
24081886
24082447
24082623
24083959
28277543
24090651
24092454
24093535
24096391
24098457
24100062
24103051
25218874
25218875
25218876
25218877
25218879
25218884
25218885
25219013
25219014
25219016
25219021
25219022
25219045
25219046
25219052
25219138
25219139
25219157
25219159
25219178
25219287
25219290
25325087
25325273
25325546
25325765
25325845
25326082
25326809
25365774
25365867
25366033
25376283
25376715
25376787
25376793
28151574
28322820
28333715
28334126
28334910
28335923
28398426
28398553
28398861
28399279
28399560
28399592
28399691
28404370
28404459
28405343
28420694
28421838
28422040
28427563
28469554
28469781
28470048
28470297
28470375
28470501
28470558
28478158
28478409
28478418
28478492
28479122
28483442
28489323
28489507
28504442
29282686
29283101
29295686
2683933
29359790
29361076
29390585
29393928
2702662
2711887
29791301
29796212
29798698
29799119
29832105
29832469
29862096
29868580
29875483
29877062
29879006
29881592
29885435
29911185
29913911
29913799
29913929
29914125
29914204
30028922
30029202
30029496
30030743
30030894
30031024
30035112
30766202
30767362
30771530
30955232
30956079
30957331
30958855
30970183
30970597
30971156
30971654
30986012
30986162
30986690
30987203
30987301
30987438
30987593
30987734
30987909
30988075
30988245
30988466
30988994
30989222
30989848
30990224
30990363
30990526
30990667
30990758
31044973
31045385
31116973
2832947
2890835
6352625
6352626
6352627
6352638
6352641
6354285
6354290
6354383
6354405
7151818
7228223
7526591
15228231
15396826
15534982
15564048
15690000
15695060
15974762
16494549
16494555
16494597
16494635
16494655
16494656
16494686
16494690
16494723
16495389
16801991
16867515
16867516
16867519
16867521
16867522
16991535
19208825
19210208
19210976
19211352
19211762
19212494
19212903
19222484
19262946
19280189
19288905
19300282
19304681
19304888
19306205
19311289
19313066
19314638
19316188
19316213
19316594
19319095
19320639
19321352
19323406
19331076
19331288
19333349
19346237
19346840
19349383
19349782
19350062
19353335
19353764
19355194
19438932
19439734
19440089
19440541
19441442
19442089
19442492
19443783
19444958
19445962
19446989
19447319
19448376
19448476
19448915
19449117
19449551
19452002
19452203
19452660
19453061
19454011
19454497
19455028
19455267
19455622
19455779
19455838
19456017
19456342
19456425
19456455
19456603
19456681
19457149
19457277
19504231
19505780
19508662
19509535
19515505
19516181
19516593
19516860
19516894
19517118
19517383
19517479
19517531
19517598
19517660
19517758
19529530
19538014
19538258
19538434
19538557
19539283
19539394
19539410
19546707
19547744
19549089
19695326
19749767
19831090
19841292
19886573
19886895
19887155
19895819
19895821
20293227
20299235
20304426
20320109
20322187
20349500
20350757
20352184
20391836
20392552
20394559
20459962
20461564
20462018
20656344
20656505
20694393
20694806
20695182
20696025
20696789
20716387
20726853
20727256
20729205
20729938
20730146
20730648
20731043
20731832
20733120
20733504
20733893
20734345
20734990
20735516
21882190
21883166
21888790
21890263
21891369
22145870
22309067
22310001
22310180
22311829
22538102
22540707
22541981
22544589
22545312
22683810
22684014
22684115
22684225
22684293
22684611
22684687
22684808
22685046
22685093
22697645
22698442
22698747
22700862
22703167
22703294
22703663
22703816
22705410
22705618
22714936
22761504
22761629
22761690
22761814
22761847
22762123
22762174
22762520
23149644
23149812
23150193
23150378
23150470
23150933
23151132
23151497
23151975
23153033
23173207
23173880
23174049
23174131
23174446
23174566
23174653
23176456
23176472
23176794
23176808
23177169
23177367
23177502
23182441
23182602
23182770
23183122
23197355
23197378
23197477
23198694
23198696
23198741
23198744
23198872
23198953
23199074
23199173
23199459
23207965
23211109
23211169
23211247
23211332
23211394
23212696
23212722
23212769
23212821
23212897
23213089
23213093
23213191
23213397
23213463
23213659
23213684
23213714
23213895
23214033
23214131
23214494
23214593
12077228
12346363
12346364
12346365
12346414
12346416
12349370
12349371
12349379
12349384
12349821
12423252
12423287
12423306
12423310
12423312
12423313
12423314
12423315
12423317
12423319
12423321
12423322
12423323
12423324
12530975
12673206
12673620
12905947
12905949
12926730
12926732
12926734
12926736
12926741
12926743
13953611
13955193
13955348
14085606
14146232
14146312
14146558
14146817
14147682
14153737
14153756
14156632
14157081
14157905
14158378
14158524
14158714
14166592
14169538
9397010
9382543
11411266
23745937
24023871
16801596
16800977
16801156
16801675
17035048
16801009
16801062
30756140
8343563
30757957
24029284
13559052
6073559
5346600
5346672
5346646
6073518
5346618
5346692
9253367
8398155
9387842
8815131
6076838
6076831
8813987
31314730
15356689
4337507
20745303
6073604
6073705
6073566
7449376
7449378
7116384
7449380
7449384
7423043
7449388
7423018
7449386
7449372
7449374
6801249
7449382
31317686
31162449
30987025
30988625
31044623
3893001
6352505
6352640
6353456
6353495
6353700
7266660
19326442
19442600
19529237
19896121
19941453
20247612
21874222
21876484
21885727
23215404
11398734
11400291
11580532
31292072
31295189
31295552
24094841
30884991
31334675
29393432
31479001
31491951
31544752
23051561
13939814
13939800
23051565
25246582
19748346
20179146
6614478
2825263
2713996
9043626
6608537
13939812
18122007
9043609
2041984
19355485
19291487
19291252
24981433
9043691
30904707
11462211
11462201
6482087
25084585
19293330
24343661
19290483
23051559
19857188
19224105
20774417
24340806
19293565
11439502
19879760
24981707
2212446
30065819
23051555
15154170
19858686
11515804
14369108
10026136
2212448
20363635
2774387
19356776
24737960
24981009
19859953
13074752
11409819
18919072
24340491
24862777
10014879
11515796
8139122
2774390
11411703
12348288
23221653
24343181
24737776
25870296
20252257
13657541
10016036
10016188
10624042
10624043
10894506
10894541
10894705
10894810
10894811
10894813
10894814
10894815
10894816
10894817
10894818
10944376
10944385
10953910
10954538
11009785
11020227
11020230
2212440
2212441
2212442
2212443
2212444
2212445
2212447
24032054
24251708
24254533
2262234
24338682
24338856
24338939
24339776
24342960
2374414
2374415
2374416
2374420
25847451
25847566
25901593
25997746
26646663
26647437
26868627
26869244
26870393
27462170
28627824
28811186
28811355
29638739
29649355
29650783
29650883
2713808
2713859
2714056
30039506
30040061
30045187
30051843
30057051
30061400
30068978
30086321
30292343
30295922
2773690
30751188
15154173
15155421
15156155
15156426
15156818
15161607
15162369
15162720
15163234
15163666
15163776
15164233
15164356
15165192
15165744
15190156
15282817
15291364
15396820
15396824
15696967
15752281
15752411
15841826
15842098
15842194
15918740
15919081
15919165
15919366
15926720
15926804
16026357
16113050
16114149
16168291
18919260
18960047
18961620
19194381
19202598
19202846
19203340
19203814
19225723
19226329
19257783
19258205
19259875
19260331
19260519
19268462
19270066
19271362
19290066
19292053
19326929
19329083
19330302
19350902
19351341
19355931
19357598
19358007
19363969
19368372
19368669
19369091
19369465
19422796
19426330
19484344
19714152
19714401
19714736
19721545
19722183
19722732
19723159
19725056
19726091
19727910
19728399
19747835
19747959
19749474
19769718
19770485
19771313
19771705
19773897
19788059
19792776
19795794
19798937
19800004
19800721
19803502
19804958
19857899
19864611
19869774
19870189
19905587
19905613
19906336
19922329
19922558
20240597
20241083
20241612
20241685
20242413
20243286
20243929
20244478
20245116
20245690
20245936
20246448
20246752
20247164
20252050
20254214
20255194
20256996
20257721
20259848
20260662
20261599
20262868
20263469
20266501
20268015
20268437
20269685
20269728
20269854
20270258
20271008
20272571
20287153
20289393
20289940
20319567
20320097
20321666
20338250
20340154
20342408
20343770
20346582
20347561
20353036
20355575
20356923
20359506
20361487
20362146
20364103
20365449
20366545
20366924
20367407
20369823
20371190
20389049
20389260
20391052
20394444
20394792
20398632
20399092
20399896
20400286
20401082
20401263
20402259
20403790
20404295
20480992
20481593
20482431
20482830
20485436
20485618
20713020
20714206
20714509
20715562
20716280
20716677
20717488
20718173
20719422
20720098
20724833
20726257
20727230
20727234
20727617
20727804
20729335
20729570
20729941
20730167
20773589
20774250
20774497
20775334
20776105
20806262
20806472
20822478
20830674
21058618
11462394
11462397
11462400
11462403
11462406
11462409
11462412
11462415
11462418
11462421
11462424
11462427
11462430
11515754
11616384
11616387
11616397
11616405
11616412
11616415
11616418
11616421
11621212
11660590
11660697
11961101
11961525
11969332
11970085
11970388
12346399
12346401
12349761
12349831
12349833
12349835
13337953
13338466
13637171
13697802
13718790
13728790
13728952
13728971
13796155
13796156
14156089
14369838
14369866
14369943
14369982
14369997
14370475
14371176
14371269
14371537
14371811
14371818
14371849
14371850
14373222
14373293
14373400
14373521
14373708
14373733
14373820
14373862
14373893
14373895
14373897
14373968
11880634
11880637
12154074
17277849
12155007
16644599
17539275
16866844
6355552
11880618
16568451
19542933
17428281
12155921
12156048
11880577
11880469
6355555
11880472
17573239
13994511
13994297
13993734
13994601
13992679
13990895
13707596
13516644
13516648
12348399
12348405
12348351
12348359
12348363
12348366
12348374
13711310
13706385
12348272
13707328
12957805
12348263
12348279
12348269
12957798
12957801
13017969
13516664
13564288
13564285
12348294
13516661
13516663
13516662
13516655
13516660
13516659
13516656
13516643
13516654
11462212
11462216
11621166
2397764
2713961
2755990
2713995
2713997
2714051
2755992
14826633
11873618
15886953
25481901
20388429
18609036
16084594
20156955
19193748
20935073
20036429
21530407
26875486
27646899
28600647
24843789
25631729
4093239
21049682
18609228
25480279
25378164
29047307
18038528
25784815
29044650
18039069
21020669
10311864
14585325
18428498
18038576
21050313
25513212
29452236
18892733
17044906
18039928
8967781
9849344
9849495
9850128
9855248
9855961
9860533
9882238
9889286
10009386
10009414
10315363
10317663
10341650
10344974
10345121
10345722
10346200
10349201
10349810
10350063
10376533
10377340
10377525
10378147
10378821
10378823
10378825
10379389
10379777
10380057
10380420
10380852
10421212
10421585
10421986
27646194
27646281
27646363
27646372
27646378
27646381
27646434
27646545
27646792
27646795
27646912
27646913
27646972
27647045
27670305
27682589
27682844
27682889
27683044
27683107
27683218
27683241
27683300
27683456
27683562
27683698
27683794
27683827
27683957
27684159
27684243
27684353
27684836
27684861
27685357
27685568
14585320
14585339
14837870
14843543
15013370
15154213
15436394
15598387
15635140
15886954
16085313
16203363
16203370
16203373
16203397
16406348
16587615
16588602
16745030
16749052
16754229
16774063
16780952
16864600
16888883
17077937
17100306
17104735
17186590
17188759
17191707
17203061
17216710
17453779
17774078
17794224
18190709
18192951
18194340
18196850
18197598
18200206
18202185
24240636
18402197
18424073
18426873
18426995
18427234
18427735
18488152
18610371
2115983
18763914
18765479
18765535
18766285
18801728
18802077
18883620
18886630
18888166
18917844
18918004
18918266
18918545
18918984
18919239
18919362
18919529
18919672
18994627
20092007
20092762
20093276
20095145
20147758
20161024
20167378
20167906
20288425
20305586
20306602
20307273
20308306
20311355
20312051
20312514
20312848
20317652
20318032
20319768
20325047
20336935
20337227
20337593
20338557
20340088
20343245
20390569
20391189
20391829
20392072
20392732
20398512
20398748
20400005
20400499
21002984
21003080
21003646
21004115
21004377
21006269
21006948
21008173
21008462
21009409
21009967
21010889
21011484
21012276
21012555
21012999
21013879
21014256
21016270
21016672
21017084
21017554
21017696
21018707
21018710
21019276
21020049
21020933
21021692
21022061
21022333
21022553
21022672
21023171
21024642
21024902
21054100
21054948
21055643
21055869
21055986
21056164
21056818
21057434
21057576
21057877
21058122
21059359
21059926
21060783
21060988
21061177
21061464
21062544
21062739
21062886
21063038
21065560
21067107
21067813
21068546
21069337
21069484
21069714
21086858
21087135
21101646
21120216
21148969
21277684
21282279
21287774
18842809
20999832
18835994
19708575
13787466
18038691
31456311
25478281
24927871
25254029
25254392
25481804
27686544
29154325
30169954
30848435
18187048
18359684
19279465
19336353
20168003
20269176
20338804
20981346
31481794
31517912
1071019
29248030
23012622
11203328
11085862
11515316
8075142
27234643
16494858
13795718
18398364
18418713
11521097
19639242
27206226
2774028
9389001
8867264
27962985
13795699
11521066
30677299
25057389
25594379
13301903
30973932
11451201
30574416
19581217
18951146
24225220
30919727
25092742
16494893
18383381
18424138
26042855
16967652
18350305
20397848
11520936
13565665
16532284
29799629
26806637
11087703
26045584
26326344
26362283
18039087
25045755
28819059
24226573
27962985
30090348
25203776
25627426
24500104
26339136
18344260
11521066
12613137
13637197
12905926
14417287
16495529
11479130
24672952
29497834
14779192
15855691
11520853
11088522
11519561
18899359
8024060
8024815
8025124
8025507
13905381
8083470
8116906
8117289
8149913
8285046
8285058
8405559
8716233
8716322
11495663
9084545
11495151
9389819
9400151
9586949
9677589
10447258
10246394
10401939
10624103
11158623
11193181
11193202
11193604
11194560
12156846
24224490
24609457
26743263
26820002
27071168
27071845
27378194
27378222
27378291
27378304
27378397
27378466
27378476
27379026
27640558
27807929
27836827
27963264
27963489
27970952
29532476
29532509
29788110
2727636
30342996
29996133
29996307
29996386
29996399
29996411
29996412
30022024
30301493
30304097
30305770
30307967
30526368
30577404
1522023
1522024
1522194
2111419
15844570
26962224
15868348
15903726
16053869
16056905
2109457
2109458
1656902
16239204
16239550
16494733
16494794
16494890
16494958
16495472
16495490
16515715
16515736
16515742
16528130
16622411
16622473
16622721
16846222
16849380
16863563
16906528
16909156
16921337
16933687
16961173
20401789
20402548
21538013
1985379
21269737
21269828
21515680
22582754
22610331
22611661
22612307
22668619
22668717
22668998
22669150
22669326
22669496
23367864
23390431
23475589
11325465
11515813
11520839
11520917
11520975
11520999
11521023
11521039
11521040
11521049
11521052
11521076
11521104
11580944
11581048
11581095
13249999
13250324
13565364
13635967
13637168
13637210
13637226
13637242
13637254
13638436
13638757
13761240
13789357
13789753
13791467
13795706
13796169
13904021
14242416
14372421
20786051
29996383
17713571
17845146
16801059
17593724
16969222
16960603
16967873
17594594
16903750
17673690
17055592
17713165
30924716
18156487
12891758
8441726
9857976
11194429
25039693
26492850
26493403
27073110
30688403
30691740
31084121
18410881
4413966
1908035
30310613
31315709
31316637
31351680
31400996
31543603
9158846
11419063
10224556
16801422
11031623
11031216
8932007
8348097
8870755
11095217
16801686
13842594
9617401
11419076
9383895
11031128
11058337
16622822
12701737
8348293
11031769
16624353
12969200
8871191
16624181
16623649
16624316
13331804
8870753
9159666
16801565
16827148
16821678
9159186
9383792
11095193
9158150
9159004
9159077
9159121
9159752
9382528
9383079
9383083
9383089
9383126
9383129
9383135
9383140
9383142
9383149
9383152
9383166
9383178
9383204
9383210
9383222
9383313
9383339
9383512
9383521
9383535
9383540
9383545
9383625
9383642
9383647
9383652
9383683
9383686
9383720
9383749
9617228
9617238
9617243
9617259
9617282
9617294
9617312
9617378
9617381
9617391
9617394
9617412
9617419
9617421
9617424
9617432
9617440
9617442
9617449
9617455
9617465
9617482
9617497
9681877
9682083
9682697
9688405
9688665
9689047
9695668
9708166
9920059
10143305
10143578
10143675
10143685
11034189
11034198
11350363
11034218
11034222
11034229
11034234
11034245
11034252
11034261
11034271
11034280
11045378
11045412
11045544
11058313
11058325
11094985
11095000
11220143
11220470
11221301
11221307
11221535
11222377
11222687
11224199
25214104
25215657
25236272
25240639
25244121
25245704
25247100
25248397
25249163
16622930
16622936
16622943
16622948
16622956
16622968
16622975
16623005
16623009
16623017
16623206
16623220
16623233
16623246
16623259
16623274
16623284
16623293
16623302
16623321
16623326
16623335
16623356
16623363
16623373
16623388
16623403
16623416
16623427
16623433
16623461
16623468
16623475
16623524
16623531
16623538
16624436
16624443
16624461
16624467
16624481
16624491
16624496
16624498
16800936
16800938
16800940
16800942
16800944
16800946
16800952
16800953
16800955
16800957
16800959
16800961
16800963
16800965
16800975
16801004
16801015
16801020
16801159
16801166
16801172
16801176
16801183
16801185
16801193
16801235
16801242
16801251
16801762
16820347
16821970
16822741
16829085
16830303
16831576
17048955
11437515
11519297
11520765
11521596
11523597
11523595
11523648
11566846
11567446
11568448
11568974
11569181
11575122
11575244
11575575
11576176
11663003
11958442
11958460
11958477
11958505
11958536
11958659
11958678
12958061
12958484
12959876
12967442
23051487
13940972
13940974
1070975
2865259
28247722
20043419
16182192
11430075
2865253
20149586
8538263
9688226
19781154
20124945
11613925
11376618
2661410
11379822
18830268
25556903
2641803
11411846
11614578
20042947
19205770
12348398
19205420
19201371
19096912
19837289
10597805
11429834
10894369
16182178
16182193
17005173
11431409
16867523
16182191
9627868
21121302
13734185
25123215
16756833
20936893
11614578
25600094
19205770
19205420
11258969
11430049
17002212
19096912
11379823
8343324
8715669
8716200
9385504
9390190
9627869
9709491
10597805
10608467
10894369
10897022
10965640
10965683
10966002
10966004
10966076
10966158
16650649
16757715
16761211
16867534
17002988
17003099
18919881
18919948
18920004
19094865
19097242
19097524
19098239
19099041
19200773
19201766
19207210
19231379
19247414
19251541
19252838
19312811
19315125
19391693
19392632
19393396
19707134
19739527
19760348
19765010
19765148
19798476
19814773
19816566
19836346
19842076
11379844
11411248
11411279
11411837
11412221
11430042
11431458
11462202
12346353
12346354
12346357
12346402
12348397
12348402
12348407
12348408
12348409
12348410
12348423
12348432
12348441
12348445
12348447
12348448
12348449
12349315
12349321
12349323
12349325
12349337
12349338
12349339
12349340
12349341
12489942
12490722
13738556
20345859
30752642
30796758
30796991
30797176
30797751
30797886
30798191
30798360
30798530
30798628
30798887
30801317
30801351
30801322
30801341
30797486
30796427
30792257
30793833
30801313
30801343
17054270
16917958
18368926
30733264
30737197
30735443
19605007
16182194
31326299
31327596
31415942
30429473
8004141
31157554
31205828
30416707
31335668
31092472
31420051
31449865
31452451
31458987
31461437
2274192
2206551
13322617
13322612
12029524
13321208
4129739
29279987
25072061
11945010
25072444
22714163
25203606
25203119
12032187
25212788
2189438
10597789
11970423
18951365
16744159
11254141
18970213
18965581
17560015
17560270
13321213
18969358
11945011
9958594
11944759
21286791
12420719
12420685
11896841
25072187
12420714
12420718
9331520
10873345
10873369
10895017
11102093
11109503
11109966
11251037
2230197
2230199
2230205
2230207
24403111
24403655
24404127
24404261
24404604
24404641
24642748
24680950
24694806
24695113
24695579
24696570
24696811
24697320
24698907
24699039
25068409
25068474
25068654
25068835
25068882
25068885
25205372
25205865
25207110
25210630
25211436
25212607
25212881
25213113
25213311
25213572
25213822
25214004
25214005
25214263
25215402
25215425
25215777
25216318
25216592
25216978
25217008
25217375
25218479
25218799
25219531
25219727
25219927
25219928
25220511
25220521
25221154
26589092
26589612
26590056
26590257
26591822
15614509
15615187
1613838
16939464
16939551
16939592
16939708
16939772
16939913
18295514
18964712
18969950
19067994
19219758
19219988
19229998
21028147
21028641
21028726
21029142
21036771
21216355
21216738
21216742
21216750
21248181
21283503
21283881
22714244
2158115
23221755
11380324
11380386
11380393
11382002
11485386
12029456
12029515
12029516
12029518
12029519
12029520
12029522
12029523
12029525
12029528
12029531
12112105
12114147
12420639
12420660
12420686
12420692
12420693
12420707
12420715
12420716
12420717
12676691
12680821
12692387
12716069
12716330
12776997
12778214
12885818
12938913
13019403
13134172
13146308
13321194
13321197
1070937
23051461
1070944
1070942
25951097
26685553
29072295
11616534
19204329
9691353
11606929
26167099
22698105
27573793
28722831
30295698
30121798
27465133
16867538
26219132
16802001
29069592
11255955
8716195
29291641
1070940
11619301
8716197
8716198
8716199
10694645
10737929
11197051
23626576
23629725
23630020
29953403
30028899
30032441
30110021
30117314
30119085
30129455
30130101
30131657
30135967
30136697
30162542
30162776
30165311
30166418
30166873
30168299
30171354
30180973
30210119
30229211
30247934
30357401
30359915
30361769
30362955
30369192
30372969
31020877
30580080
30580687
30582492
30585304
30589594
30598762
30599420
19503424
19505179
19506167
19507711
19509154
19509939
19511006
19512347
19512818
19514672
19515230
19722242
19744189
19744311
19745526
19745923
19746726
19754214
19808416
19808491
19808874
19808929
19809456
19809802
19837923
19838212
19854718
19854999
19856315
19856364
19941824
20002176
20003891
20146401
20149098
20173252
12423307
12423316
12926811
18041669
18063785
18063786
18041218
16969999
16969906
18042834
30763700
6120884
6120888
30248589
4629856
6353971
6353972
16867540
18953520
18955119
18955536
19151371
31314633
31315699
16329178
13036435
10897962
2230195
10898065
10754640
10756269
10756270
10756271
10756272
10756273
10756274
10756275
10756276
10756277
10756278
10756279
10756280
10756281
10756282
10756283
10756284
10756285
10756286
10756287
10756289
10756290
10756291
10756292
10756293
10756294
10756295
10756296
10756297
10765354
10839490
24573228
24789080
24791981
24867948
24872097
24874154
24874402
24874878
24875103
24875281
24911834
24914827
24926751
25212824
25213974
25217556
25219574
25248203
25252446
25254755
25254901
25260675
25262966
25263852
25264698
25496886
25498466
25500563
25507510
25508905
25531106
25531683
25532834
25538409
25540919
25543396
25903724
25904531
25906123
25906845
25909501
25910443
25942781
25944025
25944442
25966552
25967418
25967700
25968040
25968387
25968613
25969521
25973342
25977114
25977346
25978198
25978478
25978989
25979483
25979931
25980055
25981548
25981774
26562858
26563036
26563936
27176398
27176479
27176491
2661411
29104864
29106723
13036458
13036474
13036475
13036646
13036740
13079127
13079572
13079708
13080356
16098041
10839498
19946029
11462210
29204839
29395104
10848538
28331856
21506926
21230527
12922845
25570234
25319444
12346352
12346413
19946137
12346412
11259017
21045434
4133713
27260214
11896766
25211143
25108189
10848522
10891763
10891884
21165696
21307371
21332819
12613590
18919791
12262797
27194656
10737629
21046126
19044556
19036492
29450689
29726019
29727287
29730029
29730993
30003935
30941472
31023310
4712439
18919718
19185368
19185422
19185521
19185560
19185579
19232330
19287769
19288145
19677071
19678498
19699184
19699185
19953286
20172428
20438190
20438244
21046468
21046598
21123043
21123337
21123650
21165715
21359467
2189424
11515814
11621213
12613592
12613593
12613594
12613596
12922601
12922603
12922826
12922832
12922836
12922837
12922838
12922839
12922840
12922841
12922842
12922850
12922859
12922860
12922861
12922862
12922863
12922864
12922865
12922866
30759025
30762485
31274284
20024923
31222947
31225478
31225989
31224584
31225808
18412413
18414933
29859078
31274467
29728903
31487834
31541595
31543334
31545379
31546541
31547923
14890375
14890426
17794229
17794226
28435710
19006749
28653111
17489636
28104094
18325123
25369039
14890407
28121021
28672792
15635147
28665986
17794220
17794225
25111539
28224431
25112601
20198134
25117115
21468204
28312900
25265656
21466368
17891513
25287885
21466338
17794221
25358737
24373090
17794227
25358942
18771158
28312440
28654967
28655343
28667303
28669492
28671383
28879413
28913985
30756632
14643856
14890343
14890389
15886945
15886959
15886960
15961015
17489637
17489638
17489639
17489640
17639905
17640235
17762677
17763362
17794228
17879079
17880112
17891134
17891884
17891982
17892814
17893094
17893788
17894199
17894606
17894798
18423801
18426431
18426446
18426673
18426932
18427437
18427576
18428094
18769420
18770283
18772517
18773378
18773630
18773778
18778430
18778861
19000621
19006536
19007549
19013134
19036244
19465210
20195934
20224047
20653056
21466144
21466335
21467954
21468035
21468127
21468200
21468232
21468272
21468273
13346716
14161086
28309509
28564080
29157292
28564156
29158588
24257183
26980206
27175478
27286719
27289885
27290805
27293924
27299001
27300655
27301844
27307915
27440677
27441351
27442319
27444866
27448703
27449363
27449505
27449865
27454277
27819755
27905796
27933291
28122265
28123788
28124241
28125636
28202259
28202461
28202666
28202682
29812789
30249521
30474707
30474882
30475046
30475207
30475431
30475538
30557060
30557357
30557693
30557820
30557933
30558154
30624142
30624605
30631086
28305959
26982716
26981921
26976857
26977420
26983249
28200394
28202878
29175809
28125030
27448447
29407740
29740714
29171355
29822053
31417926
28202591
29155785
28123256
16325168
16495403
24396115
16495426
30120747
30124350
30126734
30785992
26249156
20220349
25916610
10482367
24293977
16325239
16495397
16495417
17218218
19584584
30290596
16801898
16328434
10482360
11215218
20697243
10482329
12935258
20761152
10482255
10385348
10482273
10482274
10482275
10482287
10482288
10482289
10482291
28225699
28225703
28225718
28225721
28226198
29840686
29926324
29934248
29936858
29949934
29952819
29957127
29958446
29992865
29993364
29995357
30130124
30133407
30134101
16507141
16507209
17191565
17222145
26632082
19564331
19571067
19596386
19600411
19604742
19658445
19685277
19703316
19720422
20099149
20190394
20479983
1150994
10038483
2236373
4189579
26784247
12884752
1150980
10038475
1150995
11250935
17700730
9579522
17862891
9184620
15886976
9579482
9297324
6706987
9398340
9190027
9398347
9189933
4189578
1253306
9189918
23051547
12597950
8830785
9579491
9579484
4104958
15428744
11315943
8870102
9189921
23051499
6754748
15485477
8147600
4045384
11221638
15961016
9579518
13060499
24616692
15485468
14312964
10038477
19945829
16182843
30708638
9184741
18491754
18530115
16732242
11221576
28217164
29284272
10995984
18492835
10104875
20059004
15886939
13346701
1275933
17614005
11896815
20660382
3493406
29366071
20660380
10038481
16443132
29955250
30279071
13346718
17256125
8715694
15886946
11896157
10754179
1786654
20967413
23051527
24789907
27639444
18929801
15886995
2641805
15485486
15485501
21471128
15165633
18806537
14242102
30040516
19810030
11896971
21353541
1070991
28306567
25178950
24621864
9809291
18634870
10105105
30551545
18625118
19420408
9908809
17436812
6058250
18495429
23051491
14890311
15635141
11185784
2115988
11411188
19314633
18621461
18658828
6112534
19011619
10614725
18869661
9184514
19796128
27829230
9398343
28253258
21047349
23715088
13222796
1150992
20079657
18470566
14692856
4018911
9597466
11369070
94602
9397880
2671895
13060483
10086090
14161083
1636236
11896774
2181558
13207859
13346707
1547128
13346702
4907467
14833217
11181339
8830777
14890322
1547132
23051529
20468160
1253308
11156884
16516035
9189935
4640215
1298346
1460656
9579493
9389307
2661387
1314260
9398339
9648006
2207548
2467361
10112377
20468868
8830783
9388641
20484842
23092270
12884763
10649747
13060469
19183812
10038479
16097995
21193462
13305098
15886989
18885438
10757310
15485464
1150991
26461653
2467358
17495236
19216131
24919673
26239940
13322583
10649743
9266736
28336790
28385095
29715550
19907976
13042972
28346835
28744760
29791351
11380568
11661800
13236825
9185089
27713794
4584351
20734062
20705061
13236266
29297632
4477316
21476146
13322598
26381200
17436864
14248453
16443141
10086208
26378993
27830920
15568468
20352973
12575529
23051511
10084942
24789511
25444392
26662898
27825963
28650761
17495323
18803388
18804478
20483389
20705588
14258622
8437363
23641720
4477286
8716334
10354854
10565211
10975768
11251224
23880879
26378125
15831788
17436814
22826747
18786176
20363074
21382924
12600295
12935247
12971267
13227385
13060491
10194127
10614767
14846774
15635142
18193367
21186021
12532401
9398341
10076855
11220675
29238741
2727629
4288545
14641622
18280904
18495908
18810338
18929799
21284538
2117057
1253310
1275930
4299715
16443130
15165630
15165626
15165657
15165660
15485497
15165586
15165622
15165620
8319998
28383111
18871780
19859429
1314261
4089902
4299705
4299707
1547137
8319731
19860601
1865166
1865156
1865151
1865140
4097221
4299717
4299724
4299721
19449784
13346708
18808167
8707139
8707154
8707268
8707278
8707290
8715550
8715689
8716225
8716248
8716303
8727828
8728943
8728957
8729850
8730017
8730044
8730060
8750844
8773322
8779585
8876651
9050032
9155447
9173437
9184032
9184443
9184448
9184450
9184452
9184453
9184454
9184455
9184494
9184495
9184497
9184499
9388818
9388863
9388872
9388875
9388876
9388877
9388884
9388887
9397876
9398619
9533150
9630086
9630087
9630089
9630091
9630097
9630098
9630102
9630110
9630112
9648001
9724940
9725316
9802870
9910340
9952183
9960433
9988659
9992670
9994831
10047476
10074980
10075462
10076479
10077017
10077927
10364359
10364361
10364362
10364363
10364366
10364373
10364382
10445397
10456896
10489216
10497537
10506295
10507019
10519128
10519521
10537340
10540392
10567924
10576863
10577015
10577068
10580602
10597730
10597760
10614732
10614734
10614765
10614773
10619859
10632001
10632418
10632559
10632922
10634258
10635837
10635900
10898501
10942170
30830664
10965618
10965630
10965653
10965667
10991481
11007021
11007337
11007739
11008406
11023169
11023177
11023186
11023191
11030500
11041340
11053767
11053781
11067660
11069298
11071789
11071799
11071800
11071801
11071802
11071809
11071810
11071811
11071812
11071813
11071815
11114431
11114629
11114688
11209818
11209827
11209830
11220676
11220963
11220983
11220984
11221004
11221578
11222181
11228849
11231388
11231981
11232184
11234321
11235762
11239824
11251318
11256480
11257081
11257291
11257930
11258733
11258789
11258790
30543889
11258798
11259025
11260324
11260417
11260804
23675682
23709124
23733813
23876937
23884406
25216958
25218515
25292600
25293701
25434323
25436373
25437590
25439311
25441799
25443880
25445038
25508667
25509885
25520782
25536327
25552972
25554362
25554365
25619374
25773848
2395578
25875873
25997844
2417013
26246457
26370943
26379391
2441018
2441171
26491025
26494018
26573950
26577491
26579617
26631343
2467353
27849950
27920511
27933998
27935732
27937082
27941361
27941962
27943181
27943966
27947707
27973381
27973475
27974016
27990297
28220400
28224850
28282806
28308717
28426841
28430583
28443059
28447605
28455320
2617284
28504460
28518369
28519754
28520962
28536575
28538231
28539213
28650829
28671019
28688651
28693893
28749672
29213224
29213965
29214330
29214425
29240830
29264078
29265359
29266192
29266888
29268419
29268918
29269338
29270080
29271244
29276598
29277413
29281649
29284026
29285379
29288207
29302021
29306502
29313175
29329186
29330541
29345312
29349902
29389403
29390715
29395530
29419794
29419916
29422206
29422517
29422742
29423152
29719778
29721210
29723550
29877225
29728582
29877156
29732339
29766951
29770534
29771005
29771578
29771884
29772623
29772933
29773646
29774625
29778970
29779732
29780387
29780647
29781106
29787913
29789606
29790168
29790726
29791654
29794823
29796287
29797116
29811791
29837631
29837875
29838182
29839026
29839782
29840172
29943339
29946139
29946656
29947209
29947229
29947261
29948639
29949214
29950223
29951876
29952037
29952667
29953318
29954513
29955275
29958964
29959826
29960364
29961600
29962097
29962946
29965847
29969101
29969916
29970582
29971279
29972207
29972519
29974347
29974878
29975842
29976714
29977782
30014686
30015983
30016899
3475174
3475178
3475179
3600572
3600576
3659511
3865535
3867493
3871499
3877224
3877434
3878244
3881587
3882828
4091486
4133105
4151856
4152724
4202655
4297408
4426640
4494402
4584403
4927768
5322604
5323062
5323076
5323328
5323361
5323398
5323438
6058153
6058186
6058192
6058210
6058222
15056559
15156909
15156919
15186827
15193319
15222651
15272825
15284520
15347711
15403776
15453530
15457785
15568074
15569243
15569333
15635143
15635148
15671472
15784127
15816578
15886961
15886968
15931546
15961018
15961019
16097994
17119107
16207738
16240242
16563056
16629971
16759288
16908449
16912055
16922396
16927998
18282251
18282574
18285083
18287670
18322513
18354336
18375109
18385064
18385281
18387288
18432337
18433175
18434029
18440592
18441868
1786657
1786658
18470479
18525564
4684450
18619271
18621056
18623984
18629220
18630800
18630979
18631577
18633022
18634987
18635179
18635651
18636011
2116125
2116126
2166236
18636646
18929804
18929827
19010977
19017963
19035415
19047911
19048155
19049027
19049799
19050486
19065652
19087132
19100622
19153308
19159232
19161426
19162094
19162848
19165029
19167637
19168340
19168703
19169303
19184392
19196021
19196842
19199745
30500115
19211723
30496681
19221466
19252363
19253851
19260668
19261218
19275246
19774663
19775016
19775644
19793755
19796759
19801074
19802445
19803785
19808961
19810814
19846463
19849696
19850935
19852284
19854553
19856960
19857900
19863897
19876878
19878390
19880219
19882219
19907153
19909156
19912887
19913296
19917313
19933133
19935009
19971230
19972784
19979064
19981324
19985316
20000421
20044523
20330693
20331951
20332975
20334836
20334898
20334939
20334965
20335011
20335028
20335050
20335065
20335150
20335159
20341474
20342612
20348685
20349101
20350311
20350779
20351449
20352450
20354258
20354999
20355976
20356379
20359727
20360200
20360617
20364285
20375466
20378983
20379381
20429570
20474664
20483899
20487459
20831920
20859664
20865108
20930525
1966947
20967759
20969143
21012376
21027650
21047223
21129573
21185609
21185852
21185887
21185896
21185900
21185940
21185960
21186002
21193282
21193305
21193306
21193327
21193328
21193350
21193351
21193446
21193465
21193466
21193467
21203131
21258793
21272916
21274766
21276686
21277307
22984488
23041748
23066803
23071745
23073402
23075551
23085470
23089208
23093300
23094875
23097431
23101182
23103237
23105259
23116407
23118787
23119803
23120827
23121888
23123261
23140442
23141117
23142507
23149075
23149543
23150117
23150828
23151773
23152213
23152605
23154335
23155043
23156421
23158714
23163737
23169754
11478753
11487327
11511637
11518785
11614922
11614934
11623744
11623751
11623759
11661791
11661793
11661796
11661798
11661802
11661808
11661820
11759881
11760499
11760902
11769643
11769658
11874523
11896284
11896744
11896792
11896798
11896968
11896972
11897837
11898216
11971068
11977274
11981835
12025258
12029539
12167922
12935259
12940626
13042963
13042966
13042975
13042976
13042979
13042980
13071202
13071224
13102881
13236262
13236263
13278890
13305105
13346647
13346720
13362463
13362465
13425153
13563109
13657109
13668973
13675344
13675554
13675683
13713526
13793517
13841289
13855859
13921043
13957988
13963290
13963478
13963480
13963495
10556004
17436852
30454863
30279944
30279837
30279874
27890715
27835015
30280014
11896185
11896199
11896184
11896191
11896149
11896168
31213690
26798367
28928158
12600297
12562898
30323279
30322049
14842517
23418812
22845659
22818705
22817613
24963931
22794536
22794135
22794222
26832734
26833810
27454491
26841632
30851410
24063540
24072758
24081397
24071292
24054733
18962159
24057433
18864066
18863690
18864016
18815893
18815707
21258695
21103381
20800319
20798640
20797988
19419628
19422286
19182479
22794217
31202611
31422277
31422276
1715152
23306750
23306610
13042970
23340363
31465557
31464594
31489496
31489498
31489500
31489501
31489502
9579516
13060515
16443139
13060477
15428566
94600
1715158
16443149
22824948
21021548
13060513
13060481
13060471
13060473
13060501
13060511
10055760
1213864
9579495
2020716
19652850
12884720
9745775
10050461
10104187
10295681
10477898
10743281
11250107
11250739
24594013
26963548
27943391
2651678
29149595
29152092
28606105
28606118
28606217
28606087
8906546
22555909
23044417
16182703
10568568
4841418
21356725
28671134
10897090
8655662
22556209
14283576
8715686
17287722
10220989
27026934
10370306
8715726
27330862
27444810
23889377
18389095
12038939
20408613
16182667
18746401
26727313
10370283
16259809
11308492
25192276
16182698
25870217
17541761
12038388
18765455
14990227
18641028
27460480
21619763
18344403
18774084
24330988
17806510
18529702
18625576
18743912
10958383
18669522
18731580
18571269
17604147
17766410
18659796
18339143
18772400
18667225
11308497
25935832
18535490
18480721
25365551
10897094
18744622
17862974
18672244
18566455
25936644
24275821
10954458
10957214
18731848
16259812
10985178
14213583
27926424
22758182
16182725
18631119
18540505
30429534
20902382
21363588
22869630
10197086
10370259
10614900
18669363
19984689
17616794
20850600
18631991
18248871
18568313
22233723
18485390
23819002
15968732
26277606
22065299
28606235
27330032
27535939
20175767
19840623
21566734
16538723
25996997
24397772
23179823
14607414
18670860
18942650
20804231
23225066
21559904
29796262
29050105
27060038
17436827
14607423
26730128
11372809
10197084
18275449
19676387
21522607
23279693
26104827
18453653
18523322
18752906
21826459
23180550
11453506
21682775
12906069
24397888
26108974
18270470
18728968
18731794
18925375
26114571
10959098
10532935
9717624
9806949
24856877
26651708
28064151
29085088
15318793
18291468
18606621
18620346
18743710
20850730
21422239
21629346
18657437
18319772
22718817
18580924
28606053
28606073
28606197
28606145
28606149
29624856
17529367
17767303
17794374
18512056
26242014
18666975
18670106
18744184
18744350
18891224
20464155
21188975
11014830
25266073
18562330
10296809
17436877
17618944
17732594
17827830
18036926
18080345
18244375
18647463
18743443
18769730
18779999
20848244
20919029
21274584
21633405
13442395
10957352
18669734
17562453
17759761
18730333
18733417
18744202
18900062
18904206
20847752
10784686
10784688
10784692
10784697
10784704
10898854
22780843
11072119
11072150
11207240
12559668
11207162
12652015
12652823
11251212
11251568
11251593
12600369
12612785
12656786
12561500
11253652
11254319
11254334
11254340
11254397
23608506
23638568
23638599
23638604
23745264
23826212
23844694
23845615
23881541
24133405
25111092
25412689
25414176
25414674
25444387
25444391
25444471
25444472
25444474
25444475
25444516
25444517
25444530
25444531
25593070
25610235
25614593
25619043
25825967
25907647
25935985
26094695
26170857
26727587
26924614
26977539
27017155
27061230
30647296
27264465
27318180
27323737
27323742
27323783
27323785
27323787
27392377
27392790
27392791
27392941
27397273
27397305
27397307
27397411
27397412
27397465
27399434
27601291
27721082
27807296
27807841
27809294
27809624
27810890
27812039
27815198
27815506
27816195
27816236
27857371
27984998
28012145
28023047
28024059
28084910
28092885
28253459
28257551
28777323
28836901
28857884
28945480
29791688
29791799
29791813
29791817
29791868
29791882
29791887
29791948
29791961
29791979
29792117
29792118
29792150
29792162
29792163
29792165
29792747
29792784
29792808
29792818
29792831
29792852
29792861
29792864
29792868
29792906
29792915
29792922
29792929
29792932
29792934
29792952
29792967
29792979
29792982
29792988
2757211
2757216
2757217
2757220
2757221
2757222
2757223
30266665
30272252
30315255
30407185
30407706
30468710
30713490
30776750
30911002
31029850
31033300
31042295
31093102
31087952
31089414
31089500
31092861
31090449
6328197
6328296
6328317
6328328
6352711
14606895
14607303
14607325
14607331
14607338
14607346
14890078
14890086
14890094
14890108
14890114
14890117
14890124
14890129
14890143
14890147
14890153
14890162
14890166
14890171
14890179
14890182
14890192
14890194
14890202
14890207
14890214
14890218
14890229
14890235
14925158
14927682
14929081
14939285
14980550
14980855
14982892
14982995
14983058
14983082
14983240
14983330
15315570
15316546
15317206
15319083
15320913
15321897
15322227
15322482
15323237
15323751
15335864
15337893
15338702
15339633
15387470
15394269
15400729
15402923
15403376
15448761
15448884
15591452
15631898
15824558
15873717
15873882
15873977
15874142
15925452
16061997
16182711
16259819
16259821
16259841
28750877
16367396
16887038
16887046
16887047
16986293
17154624
17154779
17155011
17155184
17320739
17320769
17408070
17415707
17417147
17436760
17436763
17436764
17436766
17436776
18639869
17436809
17436810
17436811
17436815
17436816
17436820
17436834
17436837
17436869
17436876
17436884
17436894
17436896
17436900
17436901
17473298
17489534
17682157
17683533
17684191
17687791
17699953
17700501
17700656
17700657
17727734
17728866
17730278
17730837
19248776
17735682
17736605
17743418
17748577
17750029
17751175
17751336
17751634
17752151
17752604
17753565
17753698
17753949
17755333
17758684
17759117
17760247
17761274
17764573
17765588
17766408
17768311
17768625
17829717
17829879
17831473
20247015
17831800
17832422
17832607
17832999
17833693
17833916
17834837
17835551
17836566
17836689
17838425
17856553
23891426
17857702
17858286
17861144
17862456
17863850
17864978
20306954
17866579
17866857
17869683
17870401
17870565
17877190
17880095
17880111
17880634
17881300
17881807
17882122
18286082
18289250
18289520
18290364
18292889
18294144
18306724
18306965
18307797
24505240
18310950
18319885
18319964
18335292
26169140
18387521
18389743
18393032
18401852
18405561
18418756
18426013
18428155
18463377
18468298
18469887
18470745
18482643
18485273
18507407
18508333
18508503
18512005
18520180
18520724
18521207
18621162
18622567
18623706
18624090
18624747
18626507
18627222
18630418
18630883
18631842
18632673
18632713
18633054
18634625
18640061
18641662
18642402
18642988
18643586
18644726
18645381
18645450
18645529
18647483
18658115
18658163
18658841
18658916
18659214
18662252
18662404
18662788
18667153
18669868
18670145
18670928
18762818
18764529
18764699
18772317
18775835
18779074
18779430
18779772
18782568
18783062
18784700
18804204
18823673
18827469
18830451
18867425
18867865
18870961
18872896
18876687
18878537
18878538
18885584
18890780
18891691
18893377
18894928
18898946
18902518
18902523
18922476
18930451
18948292
18950397
18953212
18955802
19298353
19298552
19298724
19298868
19299146
19299915
19300460
19300789
19301599
19302103
19327090
19384190
19497227
19544756
19573842
22746369
19661593
19677104
19684603
19702729
19703910
19708009
19714135
19718841
19750090
19834782
19835037
19971302
19984547
19999278
23998569
20077318
20098340
20117540
20119393
20120061
20803672
20803982
20829588
20835924
20836024
20836152
20836364
20836460
20845321
20846749
20847196
20847331
20848462
20849823
20849971
20850013
20850870
20851001
20851664
20859181
22741111
20872083
20872582
20880424
20882560
20887872
20915254
20915676
20920013
20922953
20924803
20925476
20926208
21080585
21098117
21161286
21522335
21522763
21522847
21522979
21529261
21537140
21538188
21547119
21548713
21548735
21548758
21548778
21548871
21549322
21549332
21549333
21549335
21549343
21561216
21561286
21561705
21561832
21561961
21562221
21562357
21562533
21562591
21563599
21563665
21563717
21564342
21564412
21564630
21564690
21564762
21564833
21582462
21582518
21582621
21582683
21584120
21584144
21584251
21584310
21584365
21593062
21593253
21593281
21593451
21593480
21593551
21593771
21619782
21619789
21619804
21619825
21619853
21619891
21619898
21619941
21619988
21620016
21620766
21620796
21620803
21620831
21620843
21620870
21620900
21620914
21629106
21629325
21647186
21647260
21650978
21651036
21651168
21651238
21682323
23712982
22068064
22077406
22084958
22101992
22218748
22220070
22221594
22226563
22231429
22232316
22233141
22502861
22509900
22519751
22523911
22527221
22532146
22534256
22539235
22546463
22549104
22551216
22553251
22558414
22599733
22600549
22601152
22601384
23177548
23177557
23177621
23177638
23177642
23177708
23177722
23177904
23177948
23178079
23178192
23178241
23178698
23179606
23179669
23179746
23179852
23179909
23179948
23180375
23180377
23180448
23180588
23180657
23180677
23180930
23219785
23219823
23219890
23219962
23236571
23236943
23237767
23273804
23274295
23274449
23282063
23282183
23282266
23282304
23282338
23282483
23282516
23282582
23282584
23282680
23282752
23282761
23282781
23282844
23323477
23336453
23564748
23576642
23576949
11285053
11285057
11285059
11285062
11285064
11308129
11308213
12581381
11308361
11308396
22634859
11329214
11363750
11375497
11375680
11375878
11376155
12437231
12067215
12067219
12067221
12067223
12067231
12067233
12067235
12067240
12067245
12067247
12067257
12067261
12067308
12067310
12067313
12067321
12074461
12343737
12411577
12432265
12432385
12597951
12888689
12976056
12976061
12976067
12976073
13069504
13272157
13420581
13420593
13420726
13442987
13500682
13501377
13979647
14031173
14311749
14311808
14378594
14417752
14417753
14417761
14417762
14417769
14417771
30713329
31013301
30713579
30713599
30713663
30720181
30713713
30713263
30711374
30711321
31026091
31200844
31204477
31204309
31203721
31202923
31202360
18521542
24368526
24606794
24657256
24849918
25236280
25243275
25407808
13628514
13820435
13546278
13820436
12039275
11568218
11568109
11563742
11563773
10958545
11381987
11548027
11547961
11014471
11014174
11014178
10956638
11014176
11014318
10956862
11363848
10958753
11081005
10956960
11015629
10956735
10954455
10958404
10958518
10958799
10958895
10784653
10370250
10370238
10371869
10370301
21516780
21516587
30186604
21516124
21303787
21301840
25422456
20836207
30544720
27167048
18511125
29161706
11879457
11521057
26107469
19834752
29365891
19834404
29801090
17753238
14311790
14311784
16042658
15584091
14311805
14311781
14311802
14415711
14311779
14311796
14311757
14311766
14311793
14311760
14311754
14311799
30060111
29330526
31297486
30210158
30210152
29848438
28107821
24600062
25009647
22817909
22556359
22555757
22062835
22555897
25261745
25240128
25260910
25243705
25232135
25261528
25260254
25245587
25241841
25233520
29151969
4981480
21340315
16853745
18731851
29388492
14273406
28606173
19677215
28606055
10138910
10138923
15411920
16887009
17284546
17409656
17436887
17620779
17817504
18340415
18388540
18721575
18874243
20122295
21629392
23577604
31149801
31148921
31148574
31148143
31148037
31140682
31205289
31205150
31205054
31204809
31204719
31202640
4934740
31293148
17581592
17580022
14374077
10196968
10197030
10197072
10197063
10197160
10649751
27452253
27452261
31294904
27813370
9385629
20771364
20699032
14512746
11251233
9385714
20496598
16456119
8547269
20799860
29531228
30463667
14890324
26183470
18885486
24515031
18885466
11361518
30708682
16998037
20781604
4514098
23653618
23652442
26489667
29891217
20920133
26955643
27680322
18845018
26187207
20694303
11274437
23652062
26915326
10100370
11148740
23799884
15036191
22923774
27249354
18382458
10809451
28716911
27759363
9189959
19440603
20696322
18321934
9263277
26776298
25999361
24113956
26491189
19801367
14993162
24075262
8275350
10101854
30892748
7986130
8179479
8275296
8275298
8275300
8275307
8275310
8729830
8729836
8729839
8729856
8729860
8730043
8730057
8750845
8750850
8773196
8773639
8773671
8779457
8779466
8779481
8779589
8779591
8779592
9178615
9189925
9189936
9189940
9189965
9189971
9189976
9189982
9190006
9347654
9352331
9385628
9385674
9386332
9386371
9386538
9386539
9386540
10960957
10961411
10965363
10965577
10965578
10965621
10965622
10966391
11071761
11071776
11071780
11071781
11071791
11071792
11071793
11071794
11071795
11071797
11071798
11071806
11071807
11071808
11148702
11148706
11148707
11148714
11148718
11148719
11148721
11148723
11148724
11148728
11148731
11148732
11148735
11148737
11245185
11247327
11247739
11252206
11253319
11253597
11254772
11255693
11256970
11258079
11259546
11259622
11260162
11263258
11263788
11264738
23652654
23653128
30461576
23747223
23855882
23859144
23859145
23859150
23859151
23859233
23865332
23865335
23865368
23865369
23890647
2240759
2240760
24082722
24087471
2259049
2322389
2322390
2322395
2322398
25120791
25121019
25145954
25150509
25286069
25288933
25298480
25328537
2370727
25574711
2374419
26184549
26188870
26189192
26190608
26332957
26490700
26734346
26738474
26747264
26770837
26911449
26917498
26943150
27165799
27186464
27276205
27276784
27768700
27800105
27800335
27801394
28678974
28680532
28681883
28685401
28687592
28779915
28824366
2661398
29085294
29085686
29085850
29085851
29086236
29086351
29087445
29090933
29091979
29099414
29100241
29100548
29101156
29142732
29142788
29143098
29143269
29143587
29146741
29147130
29147451
29148107
29148465
29351971
29358756
29361501
29364733
29364965
29694863
29697275
29712780
29720433
29729442
29732463
29738043
29740449
29763464
29763531
29763542
29763626
29763819
29763872
29764455
29764854
29765569
29766300
29766913
29767458
29768358
29768595
29769419
29770006
29770042
29770454
29771410
29773386
29773901
29774623
29779298
29780171
29788880
29798598
29836315
29836510
30642747
30642993
30643289
30643469
30643748
30644172
30644363
30680688
30681526
30682485
30687005
30688237
30689339
30723883
30724073
30725583
30726507
30727140
30727390
30728812
30729822
30730874
30737119
30748690
30751090
30763939
30766176
30769215
30802779
30802781
30804718
30806258
30809948
30814670
30815639
30816654
7539653
14537709
14640708
14843583
14890315
14890323
14980697
15153826
15154158
15189953
15209606
15252808
15256102
15258856
15265009
15275304
15396821
15396822
15396823
15396825
15396827
15396829
15403994
15404764
15409589
15409816
15409907
15436395
15471720
15477480
1571263
4139153
4139869
4140140
1571270
1571271
1694960
1694961
1694962
1694963
1694964
1694966
1694968
4158504
4163699
1694973
1694974
1694975
1694978
1694979
1694981
1694982
5353981
1694985
1694986
1694988
1694990
1694992
1694993
1694994
1694996
1694997
1694998
1694999
1695386
17436779
17436780
17436781
17436790
17436791
17436795
17436796
18083793
18084118
18085335
18118955
18120835
18130508
18132033
18134137
18135239
18135652
18136253
18137627
18138365
18225626
18240877
18285982
18286294
18286678
18286679
18293905
18321661
18381511
18633659
18689859
18691188
18692785
18694434
18696348
18705532
18706775
18714050
18719034
18720853
18728115
18728576
18746805
18882091
18883355
18886096
18888210
18890890
18892197
18893797
18895142
18895783
18899247
18904981
18915857
18916798
19008325
19008644
19020767
19109849
19138194
19151466
19154296
19155987
19157962
19163668
19211213
19224779
19357260
19431207
19433777
19442016
19448181
19453211
19453428
19498318
19499101
19499932
19503827
20369468
20496976
20496996
20658755
20724295
20724300
20724380
20724477
23647318
20769097
20769107
20778463
20783011
20783426
20788389
20789945
20799100
20799244
20898852
20916100
20934575
20948840
20949131
20950516
20950937
20951380
20951749
20952109
20952805
20956110
20956428
20956812
20958102
20958448
20960603
20961020
2077272
2077273
2077274
2082476
2082478
2082481
2082483
2084452
22598175
22654718
22897570
22899956
22901095
22903547
22904653
22918738
22920950
22922299
23067655
23096567
2201028
2201029
2201030
2201183
2201184
11271304
11271358
11271506
11271587
11271670
11271884
11271957
11272010
11272342
11272402
11272667
11450068
11472610
11472784
11472970
11476749
11478935
11480280
11480722
11481020
11481179
11506263
11509893
11512573
11514852
11515219
11524269
11572407
11575696
11661521
11661522
11661523
11661524
11661525
11661526
11661527
11751532
11752409
11753084
11753809
11758860
11760523
11761450
11761679
11766442
11767806
13640667
30320795
20337235
20770939
26474810
25499402
24559411
23403362
17838286
17837542
14329017
11896176
11896147
11896159
11896023
11896126
11896155
11896099
11896151
11896153
11261533
11148727
31220187
20797020
28180540
31268873
20841049
29148257
31018302
26773780
24761665
23951959
24234601
20941302
20798417
20779499
20367266
20336845
20471319
21428293
31489508
31298581
31233390
31228992
30329900
14252632
30233205
10897449
10897448
30616638
2996885
14809773
14809774
14809777
14809778
14809779
14809783
14809785
14809790
14809791
15964314
18726932
18727781
21278990
31162744
31284574
31321651
31353665
31372358
31373061
31373459
31373892
31374220
19309973
19233601
20171033
12348450
30154802
2300057
24727556
19233738
7984387
23866945
24437765
24631124
24638179
24642228
25578858
31072360
3815177
3815179
18919373
18919503
18919659
18919747
19232790
19232996
19233185
19308463
19310754
19376580
19394519
19394723
19589698
19733657
19853405
19853774
20436249
21276820
9399336
27976154
27976883
14890317
15907189
14908319
14908132
10754169
15448811
8716194
9399337
16762123
13321230
8716206
9399344
9399352
10694682
10754171
11251179
11251414
25071537
1522203
14910106
15329233
15906754
15907033
18811438
18819958
18821834
18824015
18825171
18826531
2112675
2113148
2112676
4413982
28968003
