21456956
1070070
11271072
8934233
11271079
99434
7757545
1070073
11271091
13164306
2126822
27769381
7974450
11271056
7974448
27364080
1567093
1618826
7286188
1974150
1178362
1129345
27769377
11271093
17838175
13204560
11271059
19996032
28031354
21456978
24543157
10509688
2311778
27357812
11082772
11271065
28381425
11226262
17780863
28031359
24674528
27364398
17838179
28381421
19996544
14511709
27769370
28183717
14086425
7298905
11195780
8351488
7086604
6666963
11271095
16355724
14536071
1337532
16355728
1884115
12762679
28031362
11271083
2807236
13968283
27347319
10459567
92681
25966399
11296287
4148947
4467779
14132919
7757539
974809
18785210
10509710
17810950
4531265
9143866
11502402
28031364
19812904
10232553
14479212
17871531
1982851
19996547
23134152
7757537
26382927
10375499
10509701
27716675
18319592
23552280
19953731
30271858
10862759
2448783
9333263
26382929
13107517
30209937
18319053
22636751
21364603
4217786
1095259
10550744
4217785
28811576
17613756
4363445
7378949
23055850
11024627
18068011
24914092
17871535
12697058
26586840
10848879
25265847
6188426
14798949
15001030
2244431
30270900
18418037
14931342
23631290
29887737
2244429
11653035
4477537
10509717
23366890
11635737
2817696
16118972
11378278
14086424
24542025
16943413
28915831
2244433
18418032
26805178
11635748
30259793
30506356
21349706
26382933
23134402
29047208
18320351
29112377
23326918
27204037
28273241
26953320
12697048
16118977
26382935
15917809
27557591
30902429
29248576
29051219
28847517
29165059
28190162
22662043
29055806
19855525
10908329
4217784
27162076
26762553
16515419
29033507
13830984
28811989
29209596
12406347
28424035
18319290
16869594
28424394
30033307
17985351
14316639
18320214
29931953
29931962
14086421
18347871
19197089
23769331
19098353
12995450
29592936
29410771
12000751
26951418
30549033
20063394
29054862
12697066
29789446
19359360
17613758
20081172
29208930
11296265
20100074
20100378
29359162
25193300
26271701
16861026
18320334
28073411
30471401
29579169
29604470
28629287
28942898
17603816
27593610
31082790
16517939
30055976
28183962
28821368
30472495
11226269
22874107
17983304
28658760
29931942
30877761
29423905
27186286
16162067
30270746
30504693
26831863
30301068
23087393
25266992
20099681
25266325
23884789
12875968
29020162
12593783
24835600
31198915
27433272
27205361
21058901
23789553
14931337
16870335
14102092
17780845
15317915
26278171
11378293
10981590
3951814
16382943
2822412
1991999
20384279
19864647
7757549
18068021
16118967
11024629
16869596
17653402
28103498
14931343
16118971
27433026
9130127
29264640
8114748
11024630
17653519
25487759
14931338
25792411
26951600
18320333
30506358
26694282
24960774
19574427
28184421
19507322
27255501
25757347
17044295
11310776
21349717
17645145
30384684
22832117
23873709
28841368
27205162
27695459
27267525
20467140
14536068
29315740
25169196
28931071
12003300
28517667
20717923
20677980
28849940
28849953
24962076
28818134
30272399
28744880
30209464
30058563
27189450
26759141
24894753
29110912
28849981
29138411
28233248
18068010
29386987
25311304
20677540
27593586
25807268
23248529
26346942
19506772
18068013
20840137
24548461
14859409
25046772
20100979
25256005
30103464
29232432
27832897
28563565
28770920
30478661
30973213
30974290
30976328
30976575
30977952
30977212
30304527
31274121
21184628
21912646
15336451
15383073
19663408
19670604
19670769
20719825
20717165
20721311
20721046
23874079
24558675
25256592
28046634
28046730
28233490
29222296
30471067
30296844
30794982
31231356
31274238
9235577
31441227
31256284
20717667
20719718
30294756
31486814
27887298
20718375
31473877
30978422
30975120
30975511
30975722
30973855
30977420
30971808
29224244
28714927
31318648
30393249
30393560
11376062
30392953
26805994
26806322
30391211
29228077
31441846
9819781
11510277
31448478
30565193
30565194
30565196
30565197
13249413
31442011
20064539
19574437
29422853
26555331
30522937
10164231
26555028
26583015
31397471
26582664
25766838
22988157
30521806
31400473
23873952
26726804
16119007
24160694
25102469
11296288
17043570
30911911
23572484
16176955
20953319
16176908
20099104
29444597
29444599
29444606
29444620
29444623
29600577
30469616
30470622
31082974
113235
7928049
19996040
8310540
1952967
14084621
14999071
10906401
15000911
2807237
12094428
21257300
9051723
1178363
99436
2448782
113236
4955473
11216584
4955470
9333257
21456963
11216578
17613760
8273966
21456958
21053473
15316998
9333259
8310538
12094402
18505244
21456981
4054096
10509695
9553281
19594165
30265700
25412845
14086427
14086433
20862476
14086432
30619815
25843048
26787321
14086431
19196982
25117269
18242534
18242537
19996526
12094432
12094446
12096972
13007759
13007764
13007766
13007768
10509698
10318248
10318262
10906403
29389042
30547241
30975900
17645244
25193035
25657960
25657961
9122840
31473835
10566540
10566546
1163051
1163055
26436609
1163052
12006638
28588631
1548221
12006635
26436309
10983279
1548222
28941431
24352514
28588640
24352515
10993633
31137616
11591436
26159183
11501344
20689352
20763026
24352512
26325039
11296303
24352513
28588647
19950420
15280459
20762481
19950607
19950115
30544886
19949968
1163053
1163048
12006642
1163047
12959110
1163046
4955469
8935811
1548220
12959113
11766581
22234384
11766582
11766583
11766579
13105726
29406499
11248463
16123651
4462982
20751744
4462983
11602194
20751122
19357266
15905695
15894621
22827029
21003856
17800928
12066502
12066508
22865420
1201401
11024632
16720179
8932193
18967276
28202963
11593334
26627450
17254867
15366063
18246510
14438066
14789633
1042362
16712839
16054462
28758225
14418654
6765445
11593314
28803589
14458462
20083613
20200453
11593303
18536497
24959616
19430426
25659643
19430405
28289180
19469400
18463741
18463691
18257251
20200418
20200419
25109161
25816344
26875509
28188893
28970622
29406456
30453206
17493098
21125780
28758226
19330723
12353625
14840005
25108484
30458246
28715479
17681296
18068486
18458557
25659073
18072626
18072660
13906201
18072870
27413872
25010038
20315162
27415516
20092951
29406513
29406549
31451745
31451749
17897184
17897182
17897189
18177429
16932373
17658926
20814709
3307904
21835840
16937435
16825446
21883307
21886338
17664158
17665779
23261378
21867530
27930133
16937545
16937236
11848803
28280144
28279023
16929050
28273192
11072044
11450434
11450435
11450437
11450438
11450439
3240452
1324067
3240664
3240462
11261215
1968964
25479474
1324069
10584067
25823294
7015847
27904510
27391091
23017080
10584070
25670694
27391093
24268643
21685247
23098009
30675712
21685240
30675449
25668524
29685787
23027023
20203542
4841709
24197194
29056708
10584069
25818998
28451013
4841708
22905499
23027028
12972694
29684876
12974277
26964543
26366683
29684070
28383350
10613880
12975215
28385479
23027013
28384350
26419285
24611315
28316124
24609958
11261666
11261508
30224413
1324068
2137573
26419784
23016809
23016625
16619985
24267963
26203144
21360162
2824698
11261779
11261532
28747410
11261445
22665314
21683918
9507796
2624213
22282897
28934551
12975330
23751577
26415016
26415636
17606420
14320891
21360604
12975674
12967058
15909862
27378442
12876009
20674439
20673992
29044998
24136002
24438854
30684808
29430504
26743547
28780740
28781409
28782606
29047748
22928933
30968967
30924173
31134364
21684277
22354417
2824720
2824726
12876024
24548551
16585253
30960818
30960478
24431704
25493831
31292814
24268522
30773500
26362089
30773593
25495940
30773655
31286315
24427180
2854289
2854288
2854299
2854291
2854292
19628712
24262654
26204178
24427893
31122177
24262016
20430930
26357586
22931485
17341087
23923777
22936846
27307028
27307036
31173354
13510384
29879371
24473998
31040580
20320031
20320037
27010298
25439312
13906273
29878595
30683821
26420186
19883099
25441107
31041395
30682774
30681428
25599960
8644590
25435741
25435687
30681824
26416787
31046167
26416577
25437765
27558449
29722428
31052252
29720893
31181328
30225872
28938369
28941715
20459398
31246885
30914836
24438387
24438370
24438119
24438285
31234038
20797063
31230565
24612526
24453239
16516233
16514280
24457234
24456755
23312950
24456316
12876018
12876021
12876007
29428079
29696198
29445376
29690961
12876014
29693684
29705774
31488481
29710032
22613394
22610316
22612748
20673198
20672269
31304638
12971814
20674890
31312165
13939796
26357185
21360372
21360547
18019282
30444093
30440419
30502571
30348697
30442954
24266135
24266630
24263329
24264062
30440705
30440974
24266740
30443688
10237545
30396303
30396468
30395587
21360937
25410894
29535630
24196754
26445940
30678975
30678864
30678746
30503375
30347802
30923516
22279125
22093287
22274798
3240924
99089
26354329
9414784
28151750
99093
28235576
17280194
17281268
29993223
8644765
28235020
28838451
29544568
25479477
29328086
29328186
16541562
20392259
18177632
25152301
28373697
28013103
28023208
28011820
28014609
20392723
29187904
29509100
28945061
28057283
17280845
16968751
28878743
22609660
8644663
26232327
29457648
26232130
1040182
28653661
7440173
7439971
13814427
27562413
30360388
23801293
19445867
19445832
18637060
19445794
19446023
23016450
7523241
6161215
18514655
28337001
7560287
11428446
26470477
18750226
8312518
26469567
19445815
19450979
19451130
21228056
18750897
18706445
28656040
7560286
7560307
7560308
7560289
13252207
4928344
7560284
7560278
28655707
11890705
13047885
26353063
23264066
6764802
6764878
11428513
13269895
11849006
4545508
4545500
4546181
11302646
11302636
11308118
10120521
14864831
15590724
15590722
14864834
18069469
18506113
25872237
20663316
27980450
18250301
18250303
18250528
21538731
18250305
17318193
18069463
21538735
21538728
14479738
18250530
18069473
15590720
18250534
20663314
17318184
21538724
18250532
14479736
1130198
21014541
21014546
21014550
18069471
10554343
21014548
21035768
24418378
14139465
16387904
17318179
26955705
2859787
18069459
17558477
18323303
19140659
14061150
2834514
28465438
30200677
11293170
2834515
18266415
12898133
20824531
2834528
14007179
2834517
9333798
20898166
27707843
19273626
16943386
12919336
28467019
17913605
15596900
3839062
30359406
14007207
20768424
23697910
11293880
22275734
22652245
28467345
14139471
9333794
14314327
26845953
16282833
25479641
18258668
18246403
26914503
16621432
22834174
17082867
30518179
17582982
28159446
17082865
22869127
20672249
20333733
18259784
28814216
20218951
30647342
24850025
28468791
27770622
29641020
12898574
20862272
20892337
28327869
23948786
28814219
17082849
15486732
28405907
27536740
11194827
14007206
27770616
16750618
26917719
17558714
26909364
22654684
15486728
22655867
24850708
17684617
11307377
28848472
8932116
29077980
28405022
26910817
30518231
22276445
30517262
30646681
19968943
68566
28822661
15665676
22266513
27898755
18256959
22360023
28468860
22727329
18651478
26966589
15665688
8752494
16620126
9019688
30358733
10158996
29077794
12097127
24854620
18346614
28227465
27654035
11297024
27651780
27770612
28860227
18258790
28860627
28402829
18653349
10239825
27812043
11310920
12941754
27653893
7778459
17082857
28282262
14567772
15598617
15597597
18879613
19936676
20885172
20892645
20892463
20883912
20774188
20796586
20796653
26472935
26914002
27538620
28814271
28859479
30077753
30077654
30665911
31172599
31295983
31134720
31105858
18653404
18258669
18258791
18453996
18259547
26961998
26961489
18245914
22655423
12969633
18619020
31041772
31482205
14139467
14139469
22267441
27886676
31105433
21684608
26907909
26907120
30077961
20890672
30077930
20898339
20898267
20898283
31481164
31427531
25840104
31427513
31427532
31173350
28860668
26472175
29077293
29223526
18112390
28861276
29077527
29078262
29078161
15362468
17130561
17130942
26473679
17131894
16621434
20822729
30357247
31040935
19213798
31044013
31044302
14007209
14007211
14007213
14007216
14007218
31044200
14007178
21552705
30215915
20796303
20796490
20796380
20796068
16761502
28841916
28842218
27954979
31041772
30673077
27952480
30672647
31059291
31060077
31060094
31057079
27654743
13585162
27651991
27654984
15281908
30358867
27493267
17318182
26266947
17318173
17318187
9333796
11330168
11295148
68280
20672247
22794271
15667798
15667330
27379575
6511594
22358045
18503712
17318190
26267676
10842688
26269894
12953288
956772
12097124
1324072
8559493
2881165
2881309
7214493
7593459
2859804
8397589
7214497
4528863
2089657
20194052
20105423
27540043
18868209
20105614
20105523
18523523
21045565
21044721
18496892
18497049
18497069
18524720
27493244
27854142
27854792
20775821
18523015
20104041
28153795
28814209
20104533
6613218
12942593
3240411
1071376
4030966
27804411
13500047
27804396
26291548
27804297
30456514
13621105
2137563
1071385
13499834
13040470
6613214
6613216
13040472
18128082
8872896
23739385
17503240
4528858
13488984
2137567
13491776
13658846
11041870
17745141
6511598
18127853
23740401
15382637
30832965
10455522
30352324
15385572
30455782
28909346
20043113
8409081
8872892
15385571
8872893
15385570
15385596
15385951
17740288
27716330
18128110
28819413
24075693
29228823
14970188
14970841
17742337
14972983
24450581
24450776
18273936
24667116
28689006
18128781
11431235
29228891
18128167
28694482
18128740
30351548
29912439
17744355
17745235
17745460
11261444
18127169
18127785
18127795
18127941
18127944
18128135
18128312
18128358
18128396
18128406
18128794
10355773
24451123
20741981
18129973
18128177
2854290
18128029
18128097
18128213
18120723
18120909
18121089
18120794
24076487
31318112
30831530
10382262
11591437
11167503
26293092
2137564
31034221
31034746
31033821
12563892
11501338
17745109
14972850
14973066
19854502
19854504
3240141
1059361
13772052
6260364
7162433
22743860
12322549
7162425
3239992
13772051
11571034
3240247
10887383
4834722
100265
4878573
4834818
3239778
2358406
22744416
12662735
13772050
4834728
26504594
30696171
17342222
21893562
24619194
17330165
30190558
30513156
11375154
24618729
11570711
24264696
22666224
30163026
25453601
14337106
23080291
26504699
4780236
8644577
15020075
18814067
8644648
15330163
4834729
25490795
14846651
15017615
23972368
21508840
22666226
30725284
27741955
28440852
13331122
13664326
15324402
15329177
17044784
17044762
17341584
23627328
24264514
30724633
31149962
31150203
23626472
15019313
15019593
25767554
15012257
17044852
17044875
15017218
17044728
17044703
15011714
18337999
25769254
25898424
25897423
25452030
25895689
25891677
31390804
31388939
28427111
30874521
31104748
31106984
29539738
21579007
25893934
100474
7162429
8989677
16031754
8316388
8316384
6703733
6703680
16031991
26331054
7945232
7945229
8151276
27578341
8151271
18414106
22564906
22564909
8151280
10219169
8151284
2758010
27578342
30420166
29800964
30452765
30445556
9447647
12991213
28637529
27578343
27933798
27935787
27930099
7610057
10237544
27914128
29056262
29056265
29100012
26611569
7610012
30379237
27724878
2358399
27904806
26329554
26328094
6460168
12916007
11120270
7610058
18773030
18773032
15321025
15321028
4474639
15386178
11175139
11168238
26330574
26330546
21185266
5340280
6512467
1226523
5341525
66790
1324019
8675993
15964979
3600583
4257185
101278
19048003
4675761
9669407
6512469
4257186
15963021
1324021
1057834
986596
1359534
4257187
3600600
2166188
2090913
18539281
17261743
6512473
1226521
10269356
2314945
70112
1324023
1057835
17438993
1324020
15284155
23935371
12023709
8114464
20998054
10852728
3600582
1896530
1007847
16450323
10853671
6175498
17645864
12318960
6512471
15965660
18884344
28220450
18387151
15409535
2426495
12023710
6760446
18283750
10336737
13917097
70054
11546886
1201279
986598
1129302
2384748
25870384
18993332
11489898
8801681
8623407
17388055
4257189
13328225
15958902
18359366
13286160
13864502
13568362
24367707
11947036
8989949
13898578
15663542
15282756
100478
15652386
26783479
4257190
2071592
4864068
13462086
1873035
10237283
13579088
25134482
10949011
25615941
31045536
1820626
6175499
8801686
24507738
30448027
21285801
12157796
5340283
100479
8987215
12988875
8541305
2055639
26958801
15667239
5341526
2314949
4630769
2975527
11431237
2975553
6310734
19245157
19098520
2055636
26876207
15284911
8817643
10576217
4609593
11265348
8801674
6512461
11265438
17375427
17437873
18729974
28934947
17863460
2384749
7320691
4864066
17354578
15246186
26847478
20118129
11429566
21514834
10122404
4091923
26914520
19938057
10856996
21685924
10539585
10757803
23974196
20155759
10237290
23713123
15389068
10237289
24825175
15284893
25614450
11025404
29208337
13568351
17864642
19098528
26860007
27478989
8890349
10736033
11265551
24814086
2109869
11025779
31077522
22233704
16594527
23568860
20862400
8541284
26914371
23747265
30030196
11375154
18524156
28661119
19996034
11312288
21152997
20728325
1873034
8696349
15605954
18582978
17664564
10237275
27391570
11198141
29207135
20907062
19098524
10237281
26202473
18887385
27894142
29302385
13555047
19786384
13251673
25634124
21084692
29896302
12511638
23751736
18497658
17229804
22820664
22750451
21566875
10736034
28629227
26084423
19357593
19083984
18907774
12611137
19357394
20997197
18886160
21512405
19356780
30023356
21512419
28418678
10948674
19098526
20243472
15284902
21159649
23935008
14738525
18288153
18860799
29210479
19358355
21418250
20117524
1896554
17723140
12959102
8546105
1896529
16579265
10857006
16579265
8696357
8696369
4863970
1896553
19491028
10857016
14183137
12166442
7117624
10455245
18886156
15151370
19335025
8801680
22937015
12948537
8231800
8696365
10539679
19500631
3063624
10949010
6580485
10506941
8231924
10737527
13440656
4108149
21069868
27658216
25175850
21712801
24714692
21292056
31045809
20835357
19355583
29302093
21471124
27676947
17375495
20835948
19355528
19357945
19355060
26202468
10139652
21514710
19357749
17375496
25856110
8754837
27440404
17438970
15284653
10857008
23935373
10950823
67298
24660039
21001125
20006011
28161805
28741268
11442355
18993333
27723442
24366557
26439051
10852770
8989956
24609183
1968850
12157801
15652721
9077031
28692071
10857013
28199089
9307122
27640323
2424872
18883160
20836083
22567769
24985909
22751372
16450053
4864032
20999224
1896555
21562198
17871541
10272735
4257193
1126505
4257191
21562114
108366
8801677
4864054
20117044
21158820
1896532
108365
18356744
26783473
66814
18907773
18907772
6760448
8114460
66817
19375392
10272729
18907777
28695514
11120256
27664505
30479757
28696398
28160411
17916090
20117391
21000599
28691292
11442208
10358937
28159978
12874665
4257193
1126505
4257191
21562114
108366
8801677
4864054
20117044
21158820
1896532
108365
18356744
26783473
66814
18907773
18907772
6760448
8114460
66817
19375392
10272729
18907777
28695514
11120256
27664505
30479757
28696398
28160411
17916090
20117391
21000599
28691292
11442208
10358937
28159978
12874665
4257193
1126505
4257191
21562114
108366
8801677
4864054
20117044
21158820
1896532
108365
18356744
26783473
66814
18907773
18907772
6760448
8114460
66817
19375392
10272729
18907777
28695514
11120256
27664505
30479757
28696398
28160411
17916090
20117391
21000599
28691292
11442208
10358937
28159978
12874665
4257193
1126505
4257191
21562114
108366
8801677
4864054
20117044
21158820
1896532
108365
18356744
26783473
66814
18907773
18907772
6760448
8114460
66817
19375392
10272729
18907777
28695514
11120256
27664505
30479757
28696398
28160411
17916090
20117391
21000599
28691292
11442208
10358937
28159978
12874665
4257193
1126505
4257191
21562114
108366
8801677
4864054
20117044
21158820
1896532
108365
18356744
26783473
66814
18907773
18907772
6760448
8114460
66817
19375392
10272729
18907777
28695514
11120256
27664505
30479757
28696398
28160411
17916090
20117391
21000599
28691292
11442208
10358937
28159978
12874665
4257193
1126505
4257191
21562114
108366
8801677
4864054
20117044
21158820
1896532
108365
18356744
26783473
66814
18907773
18907772
6760448
8114460
66817
19375392
10272729
18907777
28695514
11120256
27664505
30479757
28696398
28160411
17916090
20117391
21000599
28691292
11442208
10358937
28159978
12874665
4257193
1126505
4257191
21562114
108366
8801677
4864054
20117044
21158820
1896532
108365
18356744
26783473
66814
18907773
18907772
6760448
8114460
66817
19375392
10272729
18907777
28695514
11120256
27664505
30479757
28696398
28160411
17916090
20117391
21000599
28691292
11442208
10358937
28159978
12874665
4257193
1126505
4257191
21562114
108366
8801677
4864054
20117044
21158820
1896532
108365
18356744
26783473
66814
18907773
18907772
6760448
8114460
66817
19375392
10272729
18907777
28695514
11120256
27664505
30479757
28696398
28160411
17916090
20117391
21000599
28691292
11442208
10358937
28159978
12874665
4257193
1126505
4257191
21562114
108366
8801677
4864054
20117044
21158820
1896532
108365
18356744
26783473
66814
18907773
18907772
6760448
8114460
66817
19375392
10272729
18907777
28695514
11120256
27664505
30479757
28696398
28160411
17916090
20117391
21000599
28691292
11442208
10358937
28159978
12874665
4257193
1126505
4257191
21562114
108366
8801677
4864054
20117044
21158820
1896532
108365
18356744
26783473
66814
18907773
18907772
6760448
8114460
66817
19375392
10272729
18907777
28695514
11120256
27664505
30479757
28696398
28160411
17916090
20117391
21000599
28691292
11442208
10358937
28159978
12874665
4257193
1126505
4257191
21562114
108366
8801677
4864054
20117044
21158820
1896532
108365
18356744
26783473
66814
18907773
18907772
6760448
8114460
66817
19375392
10272729
18907777
28695514
11120256
27664505
30479757
28696398
28160411
17916090
20117391
21000599
28691292
11442208
10358937
28159978
12874665
21291343
16229034
16229055
11101945
17331448
28449795
17437610
15652386
25615941
9312789
13864502
2071592
5340283
15667239
6310734
15761356
8801678
2055635
26783473
8801679
12874654
4257190
24507738
4257192
16450053
21562198
17871541
10272735
4257193
4257191
21562114
4257193
1126505
4257191
21562114
108366
8801677
4864054
20117044
21158820
1896532
108365
18356744
26783473
66814
18907773
18907772
6760448
8114460
66817
19375392
10272729
18907777
28695514
11120256
27664505
30479757
28696398
28160411
17916090
20117391
21000599
28691292
11442208
10358937
28159978
12874665
4257193
1126505
4257191
21562114
108366
8801677
4864054
20117044
21158820
1896532
108365
18356744
26783473
66814
18907773
18907772
6760448
8114460
66817
19375392
10272729
18907777
28695514
11120256
27664505
30479757
28696398
28160411
17916090
20117391
21000599
28691292
11442208
10358937
28159978
12874665
4257193
1126505
4257191
21562114
108366
8801677
4864054
20117044
21158820
1896532
108365
18356744
26783473
66814
18907773
18907772
6760448
8114460
66817
19375392
10272729
18907777
28695514
11120256
27664505
30479757
28696398
28160411
17916090
20117391
21000599
28691292
11442208
10358937
28159978
12874665
16257046
11265596
22762235
22750346
18663769
11266142
17437610
15652386
25615941
9312789
13864502
2071592
5340283
15667239
6310734
15761356
8801678
2055635
26783473
8801679
12874654
4257190
24507738
4257192
16450053
21562198
17871541
10272735
4257193
4257191
21562114
10357042
15413328
20926513
19661831
17436428
17436430
17437610
15652386
25615941
9312789
13864502
2071592
5340283
15667239
6310734
15761356
8801678
2055635
26783473
8801679
12874654
4257190
24507738
4257192
16450053
21562198
17871541
10272735
4257193
4257191
21562114
4257193
1126505
4257191
21562114
108366
8801677
4864054
20117044
21158820
1896532
108365
18356744
26783473
66814
18907773
18907772
6760448
8114460
66817
19375392
10272729
18907777
28695514
11120256
27664505
30479757
28696398
28160411
17916090
20117391
21000599
28691292
11442208
10358937
28159978
12874665
4257193
1126505
4257191
21562114
108366
8801677
4864054
20117044
21158820
1896532
108365
18356744
26783473
66814
18907773
18907772
6760448
8114460
66817
19375392
10272729
18907777
28695514
11120256
27664505
30479757
28696398
28160411
17916090
20117391
21000599
28691292
11442208
10358937
28159978
12874665
4257193
1126505
4257191
21562114
108366
8801677
4864054
20117044
21158820
1896532
108365
18356744
26783473
66814
18907773
18907772
6760448
8114460
66817
19375392
10272729
18907777
28695514
11120256
27664505
30479757
28696398
28160411
17916090
20117391
21000599
28691292
11442208
10358937
28159978
12874665
4257193
1126505
4257191
21562114
108366
8801677
4864054
20117044
21158820
1896532
108365
18356744
26783473
66814
18907773
18907772
6760448
8114460
66817
19375392
10272729
18907777
28695514
11120256
27664505
30479757
28696398
28160411
17916090
20117391
21000599
28691292
11442208
10358937
28159978
12874665
4257193
1126505
4257191
21562114
108366
8801677
4864054
20117044
21158820
1896532
108365
18356744
26783473
66814
18907773
18907772
6760448
8114460
66817
19375392
10272729
18907777
28695514
11120256
27664505
30479757
28696398
28160411
17916090
20117391
21000599
28691292
11442208
10358937
28159978
12874665
66814
18907773
18907772
6760448
8114460
66817
19375392
10272729
18907777
28695514
11120256
27664505
30479757
28696398
28160411
17916090
20117391
21000599
28691292
11442208
10358937
28159978
12874665
68802
1007848
1201277
20011268
4257188
21680606
2314947
3600591
8696368
12948494
11120261
2976424
22056161
11601856
11652125
9593053
13341709
10576890
1099891
6175501
23137650
10748661
14562250
8989957
8957365
8714583
8957368
10269362
11217159
17437991
16854586
11120262
22944426
20290179
12994724
23917520
11120257
17536319
11120260
27800583
11596735
22635587
19945078
988214
19151043
19151053
6175496
4696631
7590837
30668215
31068385
30921172
30921202
22862856
19091767
17437610
15652386
25615941
9312789
13864502
2071592
5340283
15667239
6310734
15761356
8801678
2055635
26783473
8801679
12874654
4257190
24507738
4257192
16450053
21562198
17871541
10272735
4257193
4257191
21562114
1296612
1296609
1296610
1296611
21468630
22553173
28684008
3827704
21890436
28683350
27471362
14144297
21510956
18088004
22646340
24952017
2085907
27753600
13669603
29005517
21472474
11094817
2085900
27476973
11094809
28684691
10842775
11094801
11094807
11094812
12098454
26442551
27466102
27472391
27722788
30515383
30748029
18088013
18088056
18088012
30741436
18083064
21474433
21474804
31457717
30824351
15047488
31467265
27721971
31454698
31454997
31456645
30824139
31457916
31459592
31460700
31461587
30761649
24418377
31467144
20743413
31467940
31455162
31468345
31468575
30765387
31469556
31469833
31469972
31457292
30768838
30770211
21504842
18052809
18052951
21505215
21505189
30527665
14065652
31043428
31044150
30515853
30516467
31049809
30513624
26845864
10891006
30517128
30518974
18576213
26147982
20344730
18571975
30524445
18572685
30736812
30742345
30514370
11080543
11080535
11080540
11080541
11080537
21457938
21457263
22557634
11206676
21656842
4473173
4473177
104126
104125
1883029
9143653
4473184
11394799
6512501
6512497
1883027
1883025
11394808
6512503
7869206
1883028
6512506
4473181
2065898
2064563
1711831
9077302
6512508
7869212
4473175
1042578
4473182
1042580
1712003
6760436
11266456
6760434
9077307
109704
10007262
2064566
27987739
29666986
18892913
29452468
24622606
29452953
23264017
27702568
27703805
18893648
24026225
30341165
28015471
30678841
18903041
2064561
14711604
1712004
9077310
1712010
109696
1712001
11312190
1712007
4473172
11312208
16776410
1711836
1712002
109695
1712012
11599893
9077312
22827072
18833209
21209143
27702883
1711834
18708645
1711837
18904417
18892082
19021646
26431198
26425227
1711838
26100320
26099929
18890071
1712008
4473179
12098400
17838160
29514792
26442549
26442554
1712000
16644529
30018476
30017679
30018429
30017395
26753483
26972125
27047458
29469131
18705059
28763796
21316111
21192180
21508445
21508198
26012738
26012471
9587186
29929679
29954428
29978844
21508447
29465540
29950611
28613378
29959067
29959069
29959070
29959076
29959077
28746836
29958893
29959018
29959019
29959020
29959021
29959022
29959023
29959025
29959026
29959027
29959028
23264284
13814455
29023474
18835039
29074773
19022936
28281732
27700863
27700875
23267549
25523502
23267753
23267856
29943211
29170307
29170096
29170627
22600394
22600414
22600354
4590328
4590325
22600439
15043379
11005677
29078244
26011748
19851999
19707967
19853177
19707838
19852676
19853726
21191671
29965240
29969792
29971725
26462096
26462892
26462416
30931028
15399103
19856576
21508109
19854711
28674403
13999007
13998706
11185534
13996418
10737975
30019523
30019900
31202095
30019790
30548312
29242813
30547263
30547806
30020211
31205398
28670499
30016177
10574641
30018583
25999291
25999360
25999396
25999404
19021558
20992506
30017289
18748976
18749096
25998892
25999195
30017759
25999112
25999011
30017573
18747959
27702981
27703035
27703053
27703172
27703264
27703555
27703556
22695976
22695399
22685506
19421064
22697363
19421884
30377585
11080534
28294097
28293423
13573592
15995710
29078882
29926981
29926987
29926175
29926045
29926235
29926328
29926419
29925980
29925806
29924852
29924853
29925013
29925382
29925428
30311959
29925724
24027019
24027035
25186679
29448590
23104173
23101538
29448927
7420743
7420750
18902694
18902920
28630162
26101372
23889138
18702619
27416929
18902525
29448265
18704964
18704635
29449567
18705615
18705446
18903210
23102021
18891091
29453357
29454072
5260893
29454608
18892045
18706109
26100791
23123272
25269798
18893370
18903210
23102021
18891091
29453357
29454072
5260893
29454608
18892045
18706109
26100791
23123272
25269798
18893370
27869363
18545774
25998406
25998498
18545630
18545607
13997770
12098474
29456619
7869208
109684
1883030
1041000
7945876
2064564
6107264
2064565
6107254
6107270
3979774
6107212
2064558
4473183
104129
67610
6512485
6512487
1883022
18807458
1042828
1042827
104124
70010
23450386
1882307
11394782
17439378
23454413
1042829
23323052
11394784
1040980
12098467
104132
23935360
7869204
10576235
1040979
10576237
6512483
23935364
2065891
23454461
1040978
104130
67408
7945856
7869200
17438787
18810461
7945869
109699
12306118
16920076
14323745
12098447
16920360
28036185
11599902
26857964
20740926
26423315
28971720
29268834
4352436
28971729
12306114
16919948
13450954
21248537
21248518
12306110
16920380
16919399
4352483
4352440
30306300
25186228
28036180
27267137
20862720
2168998
21248524
26099316
2168999
1863546
6064212
10576239
1853962
10576236
109682
1853835
2064581
1853969
2065894
2168988
17438590
14386808
28036181
28971727
6512489
23935367
17890493
19717060
28016688
13902604
28188603
28188494
17808996
13902592
19716505
11599904
11599887
8226740
11391140
2168989
4426946
29285187
18928259
21209147
18853590
23585443
26595696
21031879
4352703
4352437
23888465
13235081
25304650
11599926
11599877
11599890
11599900
11599918
21264090
20862717
12098425
12098365
18812395
2168990
21209151
2168980
8863577
8863583
12098433
12098441
26960772
26960774
26960776
26960778
26960782
17838158
26442556
28036183
28036187
8863569
10576898
23891261
24465168
25239228
25239230
25239245
25239229
25239295
25540446
26099500
2090606
2090605
28244819
29544780
30549861
30374252
31118307
21275701
4545827
4590666
12500243
28020931
8597783
23773017
25239294
25239292
25239293
14007702
25588120
30887745
29305651
30279598
26576173
17780529
17780605
14386810
14386812
31128850
4589454
18487324
25523944
4590290
4590292
8226689
8226738
29234357
8227537
25531211
19711948
19708647
19709379
18041433
13902593
13902594
13902596
13902598
13902599
13902600
13902602
13902597
28246246
13902605
13902606
8377087
23230739
18049628
2168976
23239929
9129765
2168977
18048585
23239456
6490036
7476300
7476253
7476260
7476262
7476263
7476265
7476266
7476267
7476269
4402830
7476299
7476301
7476302
7476268
8377082
8377085
2263323
8377084
23689442
23689101
8377086
2318341
2263322
8377088
2263325
2263329
20092268
19712769
27266169
4674802
27270243
29243448
4675704
30548720
28670205
27269746
4426927
8274665
25589656
27702021
2388633
30215191
29264740
2168972
2168975
25592315
29415166
29424122
29263775
16920240
16920298
16919775
29422722
29424942
29425791
24448236
29430003
24448437
29291186
29431084
29290178
26092642
29434692
14323755
29437557
13568357
26577216
4376346
4376348
29288803
31492378
21059814
24289673
26744662
27724683
14386814
24836727
24837543
24837526
15809844
24290413
28971721
28971722
28971723
28971724
28971725
28971726
28971728
29293461
21423651
24039934
25186225
26756336
24041460
15220879
15220881
14386806
15810557
24837489
15795294
26595419
21425542
10576233
30902409
1882309
6512493
6512481
109707
30308457
11599922
11599930
10039614
8863508
8863550
17438632
20862710
10418908
10418916
10418926
10418932
10418936
10418910
21248531
21248541
6107245
13174786
10576238
10576245
11508145
12306116
11508140
10576243
17439072
21248509
21274833
11362294
6490271
4590291
16615859
18812110
6489944
26283080
4426944
21264912
67410
109693
3801103
11394792
109702
10007262
1883023
9161477
12098480
14323752
11394790
21263090
25150535
25266154
17354469
17354907
30103335
109683
11391143
12098408
2592350
12098487
12291189
28018535
11025186
12572058
5261835
14323756
28685513
28463697
11429418
25517816
24038262
12098417
10039615
8863544
2090603
21033320
28683159
13021662
6064167
6064151
19717418
23369956
19717776
25155075
24038440
24036623
24037954
25186220
25186419
25315919
25316118
5355702
4426959
5356157
5356186
26580758
23586627
25186588
12291191
25186579
17226581
24037264
25186583
25186683
15811557
26391060
5261834
5260332
1124705
67409
1966344
8143957
6509259
1129410
26878226
23710665
11266247
8435248
11457654
11266246
11266245
9160379
17734380
30043670
15317934
17494933
8143953
11457691
11457689
8173695
1129412
17494936
12318937
7573839
8143952
7573820
2015352
101223
11310672
101223
7573835
6074478
20222036
14525501
10923913
1283248
14654345
17494937
6074480
2090593
9077297
11429447
11457697
12959125
2666108
30417495
27490886
30504859
18962133
11015660
2015354
21152924
29568733
28782903
24072726
25265019
10923914
2578979
27491016
19883009
11201919
11457734
14561785
19881936
14143764
30333723
15345947
3907217
10931463
11429421
8135614
11025780
1503084
2015356
14526557
10607778
12959121
24524557
21451494
13812595
11015670
11429427
6146392
15491562
8749447
11457660
4028461
18907986
4158688
1382393
12959123
11429428
11310673
8970253
1503091
14123771
1382396
11457726
6146389
19318869
26732257
27248610
26736064
25257644
9650851
14443755
20761204
24099935
14143763
22237963
2592344
2592346
16179449
18175758
23710577
17799256
15490982
14733721
28787542
14443756
14443757
14654389
30440772
20161177
27658219
11253155
16775891
11201925
14804445
15342625
19241756
7573833
9512528
10012757
19450018
25257645
25257643
30507475
27490606
30438381
30844164
30850783
30840915
31440772
31122081
31213480
30848564
17638536
11973163
11269388
29789868
11269379
31456122
17637158
10216667
27490428
27491056
24384169
29267684
29771445
22750670
30803356
22749934
22748085
27622937
27623481
29615102
30439883
30627765
9495667
31123143
11265589
17635402
9494920
31457193
29996297
10607990
10607991
10074043
30851076
23967070
28240626
30849706
1503086
1503089
19350023
10991412
26177487
30850149
26670976
31441140
31441139
24908517
30844733
30849222
22239301
30848358
2090596
2090595
12441191
12441196
12441144
11340118
11340407
11340408
11340100
11340095
11340098
11340111
26864663
26863724
25457950
25457815
13952596
13952598
19425736
3958862
31252592
12405780
27852983
27658217
14158140
3970188
30650977
20443307
29925188
20444215
26733102
20443597
14612979
26736780
30503621
10246620
30507281
26735233
23144598
23738961
19435424
27841893
24602831
29770016
24602356
29771305
29770076
10013077
14443759
29769379
8136700
6509261
8156575
6509268
8173700
10579301
9993979
9994004
9993985
9994015
6509266
9993996
9994012
11615080
10582865
9994019
12959124
9993989
4271119
7573831
2015353
11374754
11374774
9994007
11374766
7573847
7573849
10579390
12876895
11457704
11374759
10579392
998698
12959122
18967338
21308724
10213334
8228245
10324872
8437547
20462242
20463528
20260400
1345109
1499907
1185447
2072858
1499906
8437553
17298602
10324874
20254606
10648855
10213342
2072859
10324870
10324876
2851722
20462831
13987360
10429736
10213348
1499910
25375849
10324851
13987359
1972189
10324864
1948218
1937756
17356229
10213338
13920370
1907705
4164201
30795190
14068241
8152414
11849218
13920397
19151055
13994149
4887912
27793200
7967434
15281801
30251626
19873643
7967449
21005263
12935270
20689604
20677161
27465759
10734986
2851768
27473060
4878911
13388592
7570664
23992221
30232377
18901522
10574700
7610046
12614606
19894897
4675738
7019659
10213346
18900201
4878931
10213340
2088068
4675739
1948250
6074655
7573845
1948232
7761478
25882446
2087743
7577777
4878486
9447645
8135608
6074799
8135611
4864065
2088034
7577771
2090521
2578976
7577773
13927098
8749447
4893623
6552419
10607700
6074635
1799588
3307904
2633365
2072857
28714677
2088071
4208962
7714110
30795332
10589896
18405072
4912611
18225441
30251008
20391246
14636979
30636286
6146388
18225440
6590569
20653685
25492006
25493857
1948256
7967430
24350790
19873645
2088066
6856827
8437586
14007160
15362318
3832715
26618891
15412132
13927096
13927101
2805289
1948221
15220222
22860829
20189628
1948247
26421341
24418915
6344875
23279137
16901237
11277003
13402244
14007163
20663007
20689879
26418592
10119123
10119125
23266327
22122090
20657698
20690168
20653787
20189771
20665506
20847203
24350260
10573915
13557345
15165883
10574618
7967428
7967447
20195334
28241140
10240086
10139588
26751954
19351016
19819843
20007074
20376658
20743267
23900273
24416510
24417691
24417273
24418892
25785124
26232724
26562436
27215262
27216017
26508907
29929664
29935851
29934518
30239254
30795122
29789591
30768186
3307915
3307916
3832754
3074125
16900713
31458560
24418547
3082412
3082434
3082437
13917588
15052226
11266230
24416725
26513965
25248756
27459909
27618048
27471954
30795402
29194723
26516561
20742676
27470316
4157936
30795305
25493095
25248196
15311801
27474375
25494338
15412135
15412134
15412133
27466955
28747708
6647916
3092862
3092960
29778528
26609217
29928680
29930046
29929383
23265745
6764757
6764821
4299373
18930363
19350602
19350379
20847252
14636983
14636974
21506019
21506086
14636985
2104966
10717442
29533568
20677500
20677416
21506307
6481366
4858358
3079431
21374652
4966045
19723797
10748320
25980722
21034187
4109312
4109310
19726262
4530849
4530868
23549742
6589663
7881493
6590865
20311490
19729323
6590288
31213026
1948252
1948253
14007158
14007167
14007169
14007170
14007171
7099246
10736822
28106360
10736830
10736831
26420200
23856207
2071943
7610014
27804882
27803319
15220221
15220223
27714261
27714262
27714263
27714268
27714271
27714274
27714260
27714267
27714273
27714265
12136515
26562731
4878484
4878831
21047427
4878929
7070619
27216406
7587981
2190147
7588013
7587982
16906515
15281800
16907059
30072712
28141388
15281619
15281621
15281592
15281617
15281620
15281615
15621255
15160626
14636973
4893622
14636977
24449544
15003250
14636984
24449396
14636976
14636986
30066937
3970210
9464483
9464486
15017308
15460926
15996874
15459351
20764868
13040561
18515322
30661330
30661159
15453452
6552418
6552417
6552480
6552481
20765042
20765158
20765046
10618975
26745862
9868145
26744621
3946212
24465221
29889606
30940291
20290613
6856919
26595584
26231400
6213223
16735151
26595848
6213192
6213222
27215831
20765322
20465571
27215573
28320102
13780937
6457162
6457167
6457168
2578992
15375223
6617557
1997883
20742792
6764869
6764868
6457471
2805290
2805308
15165877
6590834
14357104
20997018
20996931
2895963
2553340
2051489
2051490
6103799
3832778
31517456
2012068
1499913
13987356
28966235
1907708
16800338
1972178
18343871
10237369
2592339
20673312
6163133
2578993
1968872
15998036
15454956
1907707
15017334
28140884
15017751
1040192
956763
956762
956764
2166189
18361844
18173313
1544717
1544718
11030756
14234602
1982954
26379728
7756626
1544719
25412523
10429736
66818
17180116
24721129
12256507
7756624
10324806
20783176
19151047
22032328
22950867
2255183
3942565
14157785
20901367
16515206
10987877
9955403
30739322
9415311
20645819
17431687
20255726
19151051
17182100
27440639
25230665
25148036
4878485
22950862
20107670
11025391
14219881
23904577
22911685
19083976
25141380
28402283
26743723
28709891
22912477
29541234
7804005
23921795
26231883
26355445
31475312
19007282
13088249
10625458
1948586
14563467
25491250
27433242
27430820
20664308
20106977
2102099
18500582
26832099
24285801
11652143
17431685
14511727
6618116
16034621
2895591
7592084
6512479
1226522
1129415
1126511
2166190
1129413
10213356
1129414
1126494
70113
66816
22950870
11126686
11126688
11126683
22949399
15284873
11220465
22950874
21214131
7750876
15284884
6764755
25844383
10757800
18695408
10221160
10222461
28117668
10216865
30086232
22950877
10857012
11126690
27440413
14615815
23339621
22949402
13218799
13218598
20445816
11198142
24696055
24696551
28922529
29789454
30929456
2813718
2813697
10221842
10222836
13478805
13812602
15295474
16459922
15620090
18095398
18186548
20677226
22781410
26914808
29994810
30071523
29994912
29994996
30086790
30599869
29789350
30600512
30072149
30877181
30877310
30068250
30070456
8749460
30071163
25453298
25457839
25457864
15620912
25457951
22936157
25457810
25457847
9586493
9464530
15620614
9464532
9464534
18186724
8749432
8749449
8749456
12157800
13441195
9464528
9464536
27374353
27374420
18852768
18896245
30069730
29924418
18700197
12413964
25146969
20760568
26603561
29994440
29994694
22780119
22780677
25532277
20195748
22785210
20196569
2592342
17506976
28623780
28384026
25457924
12151681
21473512
21371361
20452645
20452394
20444878
20444604
10213354
6512477
2166191
2055640
10582867
4271117
8801683
14511723
29718372
29718790
17645985
8696354
8696356
8539572
8539566
101199
1544776
1544781
4584117
1079043
4584121
1173282
1987661
10134511
1544774
9997398
11394752
4261706
7948048
1987660
2859146
974769
4584120
11025309
69061
11394750
21494940
16605896
1079041
28773366
8516393
4584119
10213324
9814872
1129237
4584122
23340967
8167378
101224
8002331
10968161
9814868
19098336
1987670
4261705
8312491
8228231
17838367
20476353
15401595
8920181
9325790
1623269
9232921
9992540
23841954
10213326
19098339
9783733
10358698
15375302
8618114
9814848
17298602
8228257
7073100
9313955
29353322
1012113
4375163
1987669
1420883
1544799
9814843
9072171
9814856
974768
7275229
2633713
27559366
4375004
9814839
24095637
5355481
7026204
23682084
7943432
2860739
11973156
1499908
2255168
1544773
10247594
1628078
29365129
10213322
10213320
10582858
27560985
8274571
13927102
10247585
14157431
30296993
11302782
2633714
17356675
1628071
7275216
14086583
8641066
26458636
17008710
21154048
10582864
18537498
4920490
19330997
9992542
24790615
20653458
24076049
9232925
8437576
19318852
10748332
24535303
8437565
19996537
11611494
12140734
15362471
8320177
23818693
29806080
13931594
28385105
30278766
9960577
24823224
11607010
23543471
30278857
6794188
8320181
22100324
19873651
11391055
14086586
20653458
24076049
9232925
8437576
19318852
10748332
24535303
8437565
19996537
11611494
12140734
15362471
8320177
23818693
29806080
13931594
28385105
30278766
9960577
24823224
11607010
23543471
30278857
6794188
8320181
22100324
19873651
11391055
10231009
8749440
4995489
13828110
10579402
27401705
20958902
20958963
2592339
27276893
9072169
1511005
11600549
9019726
2813408
8274563
22055389
5002720
22998104
23266152
20000677
21138407
13931598
23433491
12001712
23885671
8274569
22998116
26499812
22998090
8274570
3832861
23544606
22998084
20420872
25068177
20882265
2578977
27461814
15400088
29202028
9838250
1948217
12140842
8274572
2903872
13813423
18238817
2813386
28837655
27559965
14931361
29768176
22633171
9232935
15647160
29535580
30252244
27259864
24819113
15996246
26542646
22794597
24077329
23817928
29201539
12291087
27686060
26000848
26149645
11600550
28476239
23431986
18238813
18238815
22998098
22998106
22998112
22998120
22998122
23515946
3835034
3481726
10943319
13812589
20862470
20862474
23814960
30305967
29807868
9464485
29768359
22998088
22998092
22998096
22998100
22998108
22998110
22998118
22998094
27440428
30304739
23340962
10997704
30304945
30252867
17633380
30512636
21006635
22857054
23263715
23264667
23265197
23543098
24075511
24071430
14143393
26365222
26466419
26369957
26470955
26587892
26806687
29536181
29614766
29625001
29927856
29995464
29806640
30464092
30672712
31260809
31259493
31358897
28427255
15508617
31477932
31475619
2990871
23819820
23819253
7923277
31470364
31471961
28590902
18120203
29801202
27481394
18498689
23265579
23432922
23434486
26358041
28925704
28925433
15760292
31478219
20727356
31477798
31477358
9650867
31477222
29328255
31477548
31477553
20421412
22600688
22600692
22600721
22600689
29329937
31479980
31479076
3907214
19333886
19333818
8226662
23816158
29503379
31415200
21420407
24338932
28099109
6589721
7881494
16025500
23544082
31213098
29393869
27262193
28098213
31359515
26435995
2088030
31359291
21027230
31359399
21027292
23544984
31196244
4673644
18416199
31335830
4874705
1948220
20341645
20341511
30021483
23673188
30381337
27714272
27714276
4878982
21047609
2740265
10734969
30668291
31250387
30497064
26586222
26586332
30495633
20150549
20150970
26093271
20151102
30907350
22853947
15456016
26087963
22852150
10246618
10246620
1907710
1907702
1907706
1907709
31241231
16833285
31240201
30912681
29444624
29444604
29444605
29444639
29444629
29444630
29444632
3835414
31080516
3835424
31078595
9132493
22600688
22600689
22600692
22600721
29329937
17991311
8226662
23816158
15760292
31477222
31477358
31477548
31477553
31477798
31478219
31479076
19333818
19333886
31479980
3907214
11226257
23817703
23813962
21344088
28583029
23820170
19161481
9957792
21344229
18416758
20860044
30733951
16594514
24365432
16595214
18019904
18019914
15953917
15953920
15953924
15953927
9960579
18238811
11637425
9696632
7783326
9067750
9696622
10157311
10157313
1007863
20862472
10219173
10579417
17862926
17862923
17862922
17862920
10582862
10166315
8251229
8251228
31258644
10613921
10613920
10943290
10943291
11019895
3965043
16830180
19147877
1907706
1907709
31241231
16833285
31240201
30912681
29444624
29444604
29444605
29444639
29444629
29444630
29444632
3835414
31080516
3835424
31078595
28476243
28979862
20285666
26383687
7426211
2398581
3832792
14443375
31231696
23887708
23887783
26233586
14998406
15646827
15646828
15647003
22969689
20131642
23313288
1324015
101264
8255139
8255142
1169652
10409660
12497570
6230382
1169647
101263
6230385
27429101
16776395
1324012
10409664
1169648
1169653
19485765
1324017
1169651
8539969
16026668
8619631
19525384
31040854
31035802
15317346
19484111
11442798
19524229
13759990
30830807
9232955
18771665
15317340
1324013
19446878
10409651
23233367
1169650
2090594
8435256
26182167
19438478
28867587
29992504
26872009
19525043
16776397
4562278
4884205
9232951
2108285
19525891
12094621
12035778
25366886
26242123
12016599
23242582
1324011
18771670
11202168
8227571
26860172
19559068
23240272
27770643
13014507
25267072
26927273
24870863
11442310
22073889
23005330
20462918
8409088
16776402
28094622
15281876
27623992
4404915
15317354
11633843
13014513
16776388
12495884
23790979
15281879
10306838
11633848
28176010
28075755
25110019
19482663
2108282
29312976
18113390
21240054
2108272
3962021
18113379
1324014
21244014
24006902
4228781
10409658
956761
20003889
25580383
10750723
21609179
19674917
23241791
15317333
19576821
19577464
13014516
12443762
19563579
28645719
20666288
12077736
29292569
10409657
10590881
11442299
12016611
25580204
28979877
18937574
26349952
7301445
20728681
9129994
12024856
20460754
11633845
26534800
28667400
12016603
30139652
4546087
23701274
16840028
18937562
18937569
18937576
18937569
18937576
16840028
18937562
11633842
21376164
20892321
28389881
28094746
20659405
26247295
26872439
8619614
7967473
28094606
28826774
11633852
4546115
10409656
26875512
28076371
20650561
4884213
20663935
20660240
4884114
20096563
16530271
25580464
26839712
16530271
25233342
25233344
27429098
28063455
26347965
20366374
26780779
27640816
27840498
27885868
28073348
28737857
28738033
28644796
28708115
29056922
31037520
22484425
1513394
2108268
10748572
2090613
2090614
2090611
10854863
11430066
3810880
4183246
8409089
8409103
8409105
8409107
8409104
4844963
11659910
11659914
2090611
10854863
11430066
3810880
4183246
4844963
8409103
8409104
8409105
8409107
8409089
8409108
9240616
10132190
10132186
10132193
11659910
11659916
11659914
12211316
12211243
12496210
14128319
15378034
15798036
15009971
15414521
16650558
16704091
16703644
16703834
12094618
2358558
18599267
18602999
10756550
24072779
19665135
23411824
16988263
23411872
23272624
20220223
27300650
19505572
18639423
25250255
19666244
31127330
22482345
6162773
22482814
22622507
28709992
6162767
19164997
29267730
29268179
13952675
1420885
23246333
22943526
25129762
21277023
21277024
21277060
29184587
10355745
10205676
23245078
22944198
23248515
12493908
27888598
17000454
16992240
26346972
7301542
7301544
22939433
22940161
26344853
30752069
26346192
25088061
28926630
28926985
23080917
26348744
30238726
30239441
8696185
10833101
30237484
2255177
2255176
2255180
2255181
25222100
16988935
26347630
26347638
20050688
23375978
23371337
16996590
29234883
29234450
28845644
27518420
26439416
29872464
20662021
19885501
23006518
19572513
29872987
1948279
10884241
27972238
19574576
29110731
26443713
19885927
30208106
19886356
7098821
19886568
26841333
29110975
29266354
26111937
22513432
29266889
28698700
29267276
26842592
29908982
21388759
18521078
4884199
9797314
16645975
30228530
21240083
28009461
21242332
28009572
24006655
30892687
19583157
24007359
12092412
21242384
24007777
24007785
21240055
21240057
21240066
21240069
21242367
14910046
8486243
16704326
30344360
19935033
19429600
29770015
11455111
20945184
26247304
6104185
6104192
6104197
6104198
6104233
6104238
20306804
3827065
28979874
8592972
8592973
11566529
18948250
23412193
23412260
23412261
23412263
23412264
23412281
23412282
25268158
20903768
22978545
22978584
10355745
27884432
6212990
6213015
25129762
10205676
22943526
22944198
2502565
10130487
20003723
20431077
8619630
21277023
21277024
21277060
2423779
13787159
29184587
20913015
22978538
8486243
21240066
21240069
21240083
21240055
21240057
21240058
8486825
8885179
7270923
14910046
18521078
28009572
28009687
28009461
16704326
16704356
28008896
28009051
28008895
11442613
11442575
10111871
20789549
30059386
19429600
11442799
29908982
21240686
21240230
31241623
8539993
6104185
6104195
6104197
6104198
8227107
10607693
10607694
10607696
15376284
15376285
28419255
19522999
20667339
20665061
20665463
20665601
19523867
20667855
20668526
28737115
28737397
29055808
29056146
19678563
30895402
9797316
23413648
10409659
8435252
12443773
9232947
6230386
8523337
6230384
9696618
2314926
8167381
15332776
13014522
13014525
14804443
14804441
7967469
7967485
7967467
7967471
4840121
14804428
10221755
10221756
10221757
19874555
19874560
18113388
6456821
6456911
16703924
18311989
19667953
2578987
2578990
6456947
13952674
1420593
1420598
17029894
15798038
20029999
20029733
21181662
26433183
2740156
2502567
2502568
18860364
2644701
8406318
19432657
23896518
11412057
29470228
11652079
20993868
20993866
20993867
24454826
13639811
24453669
13791482
14247453
4884064
18784479
6261195
19622724
27915692
28840051
28336694
10949204
4884354
11327896
11327898
11652064
1167217
4335447
7016272
14305697
4335446
1167218
7016267
30216770
6261192
8011541
6261131
17218526
24551968
18532905
19928894
15362451
18532928
11161519
6261194
14067180
12086224
14801814
17432159
1220089
18891951
4884333
18532930
18532909
18532911
18532907
8408831
22749606
31058537
13639829
5303134
10570168
29475371
10570191
10020741
20820337
18412230
27013007
25592310
10020750
23223819
29848985
24523509
12035652
2686775
2105477
10237965
29851127
20645937
27013009
27017822
18344431
23483163
22695973
28663748
20643587
10237966
29848260
27013094
20993053
29851907
29852453
26427815
14768250
27016829
27016830
27016841
956727
4955627
20993863
20993864
11652072
20993865
13883769
15591683
27520392
27699227
27699332
27699224
27699240
27699343
27699226
27699289
27699335
27699345
27699293
956725
15591681
23548996
24605747
27541927
27541673
956726
2247793
11412062
1543615
7016277
25141687
8409050
17432161
6465819
13166498
11652091
2902306
11652068
6465817
16943611
14535350
26782170
18094798
27300883
28092746
4884193
28092743
27101830
27101673
4884067
20485826
25068311
27800668
28666126
21248805
16943632
10549312
11037225
4418895
11024620
11024207
8409047
31182846
30890892
19486239
19603209
11581830
11581833
11581840
11581843
11581844
11581845
11581847
11581848
11581851
11581839
11581850
11581849
11581829
23897025
23891606
1099939
15591685
29090987
12954985
7062718
956728
13883765
11082711
18094797
10529987
13929981
1544623
10351531
8381272
8381270
1544675
8381276
12417631
12490604
23488632
23488628
23488625
21565205
29644047
23488622
23488630
30126846
28443896
23709180
30125987
23488618
23488616
19545291
23709388
21565051
10351535
10351537
10351529
8381274
11845927
10351533
11945570
6519939
19088493
19084963
19079739
19080843
21477126
19083680
19085280
21479913
24274120
31213146
23993796
1040961
6545628
11585671
4930600
11585670
11585672
11585668
19932040
4930601
22793311
11159715
13685417
11585669
23109391
14649015
16977232
12013066
11585675
4553459
1544674
30550924
11033488
12013054
1367598
22793307
12013056
27578348
12013064
1367571
12013060
25836333
1655078
1782483
1367576
4553460
16976489
101215
1544672
1544669
1129342
1544670
101204
25515498
1129337
101206
8272162
101284
1544671
1129338
1129335
101283
101216
1129334
101207
8972639
956749
956755
8654173
1129331
974807
101213
10712989
1129340
956748
10712987
8654185
9696653
8011557
101212
101217
956757
10712995
8401818
1544696
101293
24422921
11082985
1544687
12171702
101208
8401804
8401816
23001256
8401820
1544685
11082953
101205
101214
8011561
2063289
9696651
18556051
8654177
2063287
101290
101292
21301836
22769367
8972636
8309125
20776050
11083005
17913603
11845923
8011553
11026084
18884729
8309127
11082949
12824233
2063292
24612583
30613342
30621681
10908507
24126541
24127019
30614169
28234099
1544692
101282
3467529
1544681
8309129
8309136
8309131
4875960
24363472
24109267
16775037
3835412
25035663
16775040
16775034
11760480
7273596
2442384
2859346
8011565
20664162
12171699
24541962
18501700
23935811
11082967
1544691
25638201
21674234
16626182
17360961
21042399
28689554
19081534
26758489
26822816
27462923
15362463
26184962
26843178
26846443
8016488
8313154
8313155
24422322
22223643
20663785
26840583
25635602
21675917
27183523
11082943
18505335
26819798
18503718
23795783
24427920
30212576
19174034
24422797
24415394
9847628
10139590
26262730
10908328
10908393
17360956
30699747
30699653
11253320
31024647
31024648
31024649
31024650
31024651
31024652
31024653
21307016
21307030
5260747
8540907
11554588
11751487
11751241
11751235
11751229
11751239
11762179
13864814
13866213
14339342
15038491
15362437
15362438
15362439
15362444
14850061
25816818
28616396
28421436
26813907
26260566
28671061
28433477
26870233
28622200
28616554
26817074
29381421
29248019
29381469
29381384
17642696
31409539
28616816
31277583
30969243
13814459
13814458
13814460
19174008
19174009
19174041
30388405
24101994
19562268
23015996
20782967
26871521
25804977
31412932
30484066
30616300
31024653
21307016
21307030
5260747
8540907
11554588
11751487
11751241
11751235
11751229
11751239
11762179
13864814
13866213
14339342
15038491
15362437
15362438
15362439
15362444
14850061
14850062
18502941
18573248
18503503
18890764
19081391
19082893
19562677
22828029
24091313
24252553
24276408
24250067
24250068
30613098
31213110
31213112
31213121
31213132
31213133
31213139
31213141
31213143
31213145
31213264
31213263
13862968
24344999
23017925
20327213
29236912
26849359
29237093
26852981
20327822
30020541
30020304
30020234
30699735
30699736
30699737
30699738
30699745
30699746
18876274
19560253
22223844
25867396
23003777
31336746
26848376
30063805
30064286
4759665
4759674
4759694
4759697
30064694
26094885
23001853
22851311
31411676
31412391
10908346
10908369
5014947
22855161
3835433
18896456
30468440
14183189
8004728
26104171
18707334
27841016
21065346
31413557
17934319
24012501
24015116
27847717
5260442
24890457
5260339
19081134
24451113
3481656
4875963
21161054
12171712
3813489
11026091
2165681
4875961
8309140
10248068
4875962
11507721
2165684
10248060
6463675
11026087
10248066
10248078
11412039
10248076
1544688
10248086
11412037
11412047
11507717
1544697
1544677
12171714
956753
10248082
12695576
7273610
14644606
10248074
23810951
23810931
23811170
10248084
12171710
7273602
30622090
7323764
8477363
3468090
7326447
7316984
19548368
22828031
17642443
18780806
23806134
7378511
11243565
27691675
13865583
27688261
21079826
18708190
14183190
14183191
18707481
6580497
6580493
7274482
2015380
4131106
7274496
6580495
6580503
7274488
7274484
12303086
7274500
12303084
11082973
7274470
6545633
7274478
20190075
12303083
6580501
7274480
25145257
23759105
23753772
24516799
17281997
26785631
23758704
26782768
25144885
24277654
20190027
10978026
23747734
23755337
12303085
10120019
4131105
6545630
7274466
25144974
12303088
7274502
11083011
13968152
13968146
13968150
13968155
31042214
101270
101267
11319830
101271
2015367
956759
2015358
101269
2015362
2015363
10567226
101277
101272
101266
101276
101273
12417418
2015364
1544710
12417439
10567227
1544712
11033399
101275
2015366
10567230
12417431
2015365
101274
7804023
11033398
16246211
1544711
10567224
17205007
20809342
11033396
16245824
11033395
19268634
19259149
11265334
5014972
4263892
14233853
18585926
20860441
27644707
17683436
17682440
24248494
24248449
24248519
29142335
19250393
17214368
24248444
19932357
19307592
18505822
20810157
17954514
12171760
29265200
18507730
24248457
24248460
12171756
17202377
10355731
27461633
17272157
11546875
11546876
11546877
13351601
15260143
16247124
16247069
16886758
17801773
19089510
19515477
19929811
19089780
20197990
20198126
25548660
26228606
26225978
27843966
16245254
29520375
30825485
30826475
30815668
30825218
19928663
30826008
13351867
13352136
28928840
28928946
24248481
24248500
12354132
19515005
11848802
17681361
21528737
11443141
19517319
29521125
24109654
26546780
29873668
22516638
11329621
18224895
11329572
1382376
1382394
29265503
25865590
12136632
12136633
12136634
31049971
29269392
10155728
8274673
29264805
18585930
17893409
19228592
8650478
19088253
26581935
19260001
11501262
13952671
26581445
13952669
29142301
24248445
24248450
24248509
24248516
24248518
19689548
19689710
19689983
17681361
21528737
11443141
19515979
26225376
28928573
19517319
29521125
24109654
26546780
29873668
22516638
11329621
18224895
11329572
1382376
1382394
29265503
25865590
12136632
12136633
12136634
31049971
29269392
10155728
8274673
29264805
18585930
14083978
15988117
15988118
15988136
15988127
15988119
15988120
15317002
15317005
10906339
14083976
14083984
14083982
14083986
14083980
13516865
10701453
16442699
16442705
16442709
10906341
10418566
10418568
10418570
10418572
10418576
10418578
10418580
10418584
15988132
16442703
2115055
2115056
2115057
2014285
2014286
6675866
6675868
27289014
16572397
27278343
20993892
30956248
19266242
20239535
27481830
27482304
20240525
20993650
27722994
30957685
16739681
20240065
2115054
2115058
20031497
20031048
2014295
23908392
16572454
26243260
20765751
4129674
6150691
12417552
4129660
12417545
12417539
4129662
12417601
8571091
6429458
18534925
18534919
4129661
8571096
19297967
12417533
12417519
1503059
20043316
22951311
19428775
12417512
19325629
22662306
20146876
12417526
28745692
19483538
24937509
18534923
8351566
19940891
29199443
1503048
19601461
19297959
1503062
1503064
31354626
4402411
5011270
7466234
5011273
15316992
18534931
4142312
6754531
6754568
4142307
4142308
4142309
21516940
6429462
5011268
8398945
12492457
12492459
12492461
12492450
18534928
7908164
8398943
31458375
15018145
7490147
1544638
8351578
12417629
1544640
7490143
7908174
7490151
8351576
7490149
7908176
7490155
8495586
12417623
4129678
12417633
8495588
10309595
12417625
4131104
8727404
7490153
7490145
9696560
7490159
12417635
4129681
9696562
1499841
7908160
11120236
19325635
1499840
1499779
22827554
1499778
28817952
2018775
16839937
26209116
1499776
29866615
16442644
16442634
26210866
24536584
21425674
7161460
22298265
16866303
26211872
16847330
16835987
16862078
16862677
2879888
28030832
22294354
16866281
22301010
29929525
31255890
30816246
10948733
10948708
10949235
22498611
10853707
14520005
11120237
21186260
30693501
1012011
1007852
10425162
15482759
18363026
11337678
4915016
14343362
15482540
20861825
30273289
25280297
23749916
3942558
14234380
20363072
11843418
14234386
24973052
26731905
24301187
20287307
25971267
14234381
30279729
30279418
11375764
11843416
29265780
17733490
11603519
16890619
1007844
4920261
23608326
2947339
7316170
7948305
7316201
1972182
6596928
1543831
6671281
2189209
6671284
1972184
6706920
6596926
15996916
1543832
21135434
4895285
30060550
1972183
15362353
15362350
21543137
22637385
18041726
29876734
15999270
15999361
9447644
4887992
15998166
30503740
30503436
16600321
7927090
2633364
2495281
1543837
25336690
16637438
29194604
20312075
11647368
27606856
27605632
10997955
10997946
10997924
10997917
10997936
10997951
10997957
1129329
17281142
13864517
17930070
20190119
24660568
20861444
20059925
4878909
20190004
21287145
25536367
20190378
20190115
20190003
20766472
25154479
20190055
20190150
27328221
20190131
16540167
22498338
20190143
20190130
21681044
16732203
21679307
22224799
20768532
21287144
27437828
17270025
27328147
27328311
27328402
24078090
956730
2861773
7490127
12171748
956731
1544631
7865244
956733
12417587
4129665
29763827
12441790
30354240
7908172
12417580
1544633
18922980
956732
1544632
7466242
4148941
1544634
22714700
7466244
11442481
18958477
18964241
18050715
1544635
16355721
22910556
20724530
25622039
19708581
1503061
12828736
18532109
26276956
10417950
21145767
24050810
18050717
1503055
17281145
29269040
10939176
11199000
2896890
18353849
20816392
22827821
23885010
24711455
25550582
25550088
27612538
24710632
21095836
31171480
31171627
25048654
19704083
21095979
11125946
11125921
29268535
9847626
9847624
9847627
26235147
26235149
20815350
10147351
31140767
22913390
20675762
11329930
11329935
27688535
101297
956741
1129392
101295
1129394
101296
1544668
101220
956744
101299
101294
1544660
29610554
101300
101218
956743
101219
10564773
1544662
2015513
7273612
2015512
21315784
1544663
1544661
1544659
2015518
7490135
11082767
7273616
1129393
15562440
21672308
2063296
12958193
15155641
18132659
4148933
10564771
7490133
7490137
7273618
7273620
11082941
15483076
15562443
19085791
20763554
20183330
27181074
15560784
26785760
2063294
20873390
20312856
11082937
7273614
18132602
17678673
14632281
19200071
1382389
14632285
28701543
7273622
21672093
18132603
26785320
15562436
9847615
9847622
18870106
20865857
26592995
26783293
31379043
31415567
3066639
19683818
19684604
28700913
28701268
18778992
28030804
11290802
30977378
26787872
26787011
31416212
19168699
30999839
18079620
20872162
2805298
2805299
2805301
2805300
2805302
24365434
18062392
18062384
24366106
20863704
15562417
15562441
15562442
24538290
30270249
4148936
101301
10040107
2165686
7069011
7049125
10040110
2015514
2165685
11557257
2063295
11557255
2015517
2063293
12066924
21610728
21610585
12958191
7273624
11082931
12958189
14632275
12066920
12066922
12066926
11450420
11450422
11450425
11450424
11450419
7158438
11557259
7158440
7158420
7158432
21610701
974812
1893544
1518703
11963946
11964836
11169435
27836730
11964834
7678760
7678771
27365890
28105555
27365876
1893545
7678767
4063070
21309760
28728366
19653384
27836670
13304846
11963948
3963699
27365882
974813
28735969
21589081
11356014
1518702
25323672
9465005
8594301
4216113
11964830
4182058
7678753
23227914
20486339
9465007
10044317
3245424
3245429
28093458
28735833
4306106
20243114
28430430
11358541
1459088
10044314
28839199
12089501
6455891
1547553
10137138
19707399
20081082
2358396
28247117
22665702
4107784
29980282
2685636
28594463
28105557
27525451
24415559
8156599
19652173
4107809
11963952
11964832
3970440
28822062
28060662
28428542
3970442
20081147
3970441
27801546
28247114
4216116
28060655
20973826
24863797
2017792
29978682
4107798
27549815
25251637
11963954
28357716
28822064
28583072
4286446
19705604
28822063
19704874
29895890
20973829
29895340
2017787
29891033
27454901
2017790
25974913
24415558
27748278
24863791
21232563
28105553
4216108
23991852
29900037
27374852
29979519
27723074
27801539
28060667
23097750
7880974
13405242
2017791
28060660
27454902
29594302
20732886
29979515
30491337
27454903
7880970
20789290
25502665
23097753
3245426
27836676
24922889
11189521
12089499
6213252
20732866
9702480
9396141
20732878
20677499
4124170
1343671
27203252
10980394
1580202
4124141
10323983
9894272
19800446
1343668
13208382
1343667
27442217
27258276
28449605
16835351
11963950
26729602
24958160
21232564
27537019
27527055
9648961
27211255
16835348
19135144
27702468
28442798
29924288
20677490
27777723
20771696
27212404
27213257
26729603
27615220
11331738
24901162
25972771
24959721
10980391
16835253
16835349
24921032
19654185
24302094
24096622
24908814
27767862
20771189
30454933
26476896
25757694
27212915
24916803
27475181
29882362
15647628
26107231
13208364
13208390
25010855
26692637
31304683
31225487
31245425
27615304
27612283
27571631
27609826
27609982
27536148
27611973
27615368
27609481
27535113
13405813
13405617
13405960
13405998
13405141
13405351
11331733
11266794
1343669
4123977
10687650
10980393
11138228
11139211
10247414
9700288
10980390
10980392
10323859
10986731
9668102
11266786
24893000
21331560
21331407
24901972
24913350
25012747
21009876
24900355
24304138
25458057
25289153
20992238
21006809
24898003
25498263
25289245
24304292
22752013
21683349
24002623
25971451
21009743
25011562
21630847
24302788
25038977
24909282
25990575
27529583
26680683
26790295
27021546
27021298
27017856
26587512
27028685
31419046
30733425
30732982
30734110
27440373
28101755
26678919
31354529
31354595
31354700
30699366
31192085
30697104
28359327
31248382
31247001
31246499
31252966
31252896
31253620
31252551
31250629
31251820
31249393
29277186
31252295
31251180
31248877
29761212
27640526
26894140
26704920
26894299
26705342
25457796
31172797
974812
2820899
25251629
11169435
28093456
1893535
23097734
27836730
21589083
28247102
28093448
27836719
28247098
28247106
28247104
11961055
11961049
7678763
30770304
23097738
30774491
11190121
29556086
8594214
20877373
28093450
4216112
1547552
18075723
21232574
4176425
28093452
28060657
18146307
25257198
27836737
11611701
11611706
11611711
7880972
7880976
7880980
7880982
8338445
8338448
8338442
8338454
11952684
11952682
11952686
11952688
7880964
8338430
11611716
20242978
8594642
11170299
27574591
13145682
13128654
2094411
9700324
9662778
11266784
11235521
17985359
17732577
20769947
20770453
20769598
20775423
20248726
11223140
16541217
16541240
21669893
20256765
20255637
6372240
18878766
18878770
18878778
18878782
108872
108871
108869
108870
2833668
24813397
8535658
20047611
24827678
24007048
24811111
16541797
3963092
2833656
24816783
20866881
19197771
18244136
8860603
16541793
19197551
9787259
16541798
8527602
9787275
9789602
20886569
8860589
4591280
21651744
20472226
20472048
2267740
1381344
8527603
8527652
2833661
2833663
2833664
8527648
8527613
8527611
8527619
8527645
8527646
9794696
24006968
24007013
24006296
20079805
20079782
20079793
20079801
20079781
18053874
18052947
16541794
18053586
18054052
16541795
18053711
18052864
18053000
18053333
31239405
31233264
31233062
31232566
21002030
24541696
11210743
11210746
11210778
11210742
9312793
9415249
29771941
29788337
29788617
29788337
29788617
9464521
25438509
9464371
26213856
11311940
11312014
17861123
17861122
28764763
28765539
16181779
25288480
29771821
28765279
4966029
31342339
31346670
31346981
16182055
15003243
9464523
9464526
18098517
6150695
1795135
7466246
1795132
6150697
1795133
17801979
13305033
24122479
29199036
10060291
17801982
29202476
29200751
29201605
29203777
29197303
13580199
18479081
18478517
18476401
15988154
18483430
14802770
13579733
8312317
13968133
18370542
15412131
15412136
14530097
18031720
18040516
13305037
10060283
10060281
10197311
1544636
21616025
15451444
28199647
29799582
29203878
29203882
29528720
21216443
29800285
15166152
18447339
28058847
21711817
27754843
20159227
19252586
27438625
21216954
20940071
21417174
27792255
31190836
24709928
20246196
27793262
27792764
20246196
24709928
20246195
31445940
7316193
7316189
7316197
15318385
27333960
15318383
26414810
26414908
21124761
26720594
13039668
30016084
26046238
20301756
21108979
30015942
13039669
25885037
20998026
25895383
20411465
25968569
26223235
21108723
17933364
24983338
26720769
26046777
19983566
25966462
17932676
7316199
6787568
19983816
21104290
25896387
26826804
30015609
15220224
15220225
30386392
15281614
31079292
28813998
13153472
13153470
28813929
25967726
21124143
25968822
13153468
13153474
25967719
25967233
25967431
21108944
25969134
24699624
20410931
25968855
25967716
2653125
1462989
4470865
2337765
1937756
1627700
2279201
7803099
2902478
10461776
2379925
2902477
9310242
2082495
2142971
2142967
2376644
1462971
1462970
3972679
2379917
2379930
1791827
3449515
2456661
1462993
1462988
4360205
1462954
1463002
1462946
1462944
2379946
2379944
1843755
1462998
1462945
1462972
10461757
950884
10461734
9159872
1462999
2394959
11375492
10409879
1843745
7880612
1843638
7820445
10205967
10307009
7777925
9226636
9310161
9226616
9226507
10307011
9489807
7880728
9226613
3920766
2178452
2379922
950883
2178451
961347
4936227
2279592
1627701
9226562
10461748
10461766
7777916
2379926
4478498
2394958
2902480
2379918
1462965
2379919
2644159
1462941
2379928
1462960
1462952
2085973
1791826
1462969
11375708
1462934
2394954
2394951
2394952
2379927
2394953
11389812
3449535
1016368
9159874
7777813
7931120
9226605
7798298
1462976
1791829
1012044
3972683
1791828
3972682
1468549
3972680
3972681
991099
1462956
1462951
2379923
2379920
2394950
1843758
1843760
1843761
2394947
1843759
950896
2394948
2672474
2376635
9489803
7798655
7798725
9489804
10205965
1462933
1462947
1462948
9226570
9226469
1965510
10083255
9420075
2151085
9614949
9226528
9420252
2151083
2379942
951377
7988546
1843635
9226617
2379945
2379921
2394956
1463001
1843756
1315807
3830528
956112
2394955
2379924
1462984
950890
950902
1843740
3454883
2376634
2376641
10588900
9226582
1462991
1843742
2578990
