10606920
18229145
9038896
11026388
4317011
28783239
1286716
16979856
3055176
9592777
4117960
4406213
2455844
26924489
29199487
3869951
2774464
6784660
10311869
13209524
3450443
28784981
2517872
28455250
24899610
17832432
19906787
9839720
2742829
24850649
5304016
28815053
11789132
27371021
2337587
24922805
11026395
20058233
16429084
10160312
11251477
3956997
10965322
16534431
2771440
11026367
24340666
12006995
2455843
21015910
29193325
28946077
28304566
16979725
11168744
3598602
10230436
8597109
16910661
1286830
22682092
8202832
9629717
30641988
26751774
16305754
8237762
8526320
11866239
30097312
2771443
29527313
9038312
1294759
11026399
18385972
30681732
2623563
8127397
28305110
10757272
18229143
2888864
16255927
8151803
10629574
10363526
1286836
7025254
7513644
26250219
29051318
10629400
23570368
20050224
29024890
17086516
16982054
30813810
2876130
9123446
11251461
2511127
29124842
2807882
2456798
2504557
21040946
2683278
29893674
4224226
2272486
11026403
10267683
3928583
2488234
28634832
4508915
8554154
2615502
3066735
16902148
2455361
4508927
6869028
2424472
2440957
2876544
16376013
27600592
18592507
29788124
9652188
24830025
1298364
28417248
2678237
20050041
2489657
13300041
4170449
10766375
2486750
9247174
4540060
1508689
1327438
2350298
2774475
7611875
27263203
16998304
26718577
2249331
27430256
7806769
2350296
26519663
7237868
10312290
6343309
10274887
25183714
20900496
24833462
30196558
10693904
2489719
23031301
11251474
2332334
29255503
16376009
26063546
29940925
10311870
20895031
2471985
27972638
15567652
20467470
6784591
17643646
6075598
2636858
31198976
29722595
17189489
10510235
21067448
26331635
17677718
17431103
30015209
30603906
29775977
16427292
6784600
5304051
2473848
18073071
2459641
25164295
6771241
26792684
6149279
19873467
20940156
10564387
15349563
30213948
19499420
11313161
2762188
20725356
18211356
11330044
29957072
8364751
6794868
12878239
29504281
30233350
28251678
2876278
27520110
29498892
28916359
16032488
29940286
14992947
4078325
30278880
17398401
18884876
29953872
9913549
30019137
29961228
29962419
10969819
26198073
29959068
22603775
18120693
30574925
19913101
24822614
2488237
9838522
24375201
20713627
2742567
30218698
10043022
22723133
27404666
2636538
28943591
6765293
25111521
9402498
23574293
30695584
13486365
8345718
11043905
27014772
28412988
16030240
17189700
25765448
29787368
28181312
23288931
17405303
29894527
29940950
24624237
2042928
10090798
19387013
29565454
29948017
26833801
25196604
30194775
14171260
10682271
1508685
4157576
8826868
18050022
11414395
2675651
11509356
26820371
4274814
19221039
13877028
18729811
10680709
11303019
17678690
24916766
16849641
10274693
1296954
1739254
8449128
11458344
11921016
25596883
2345008
2615501
2488228
20996690
3106993
10920736
6794189
18174788
2612371
20461854
12076722
2321373
18707152
7741267
8202833
4157826
1286705
7420315
20468786
25594073
26064630
10510371
9285081
4062516
9123373
10629587
6300871
4062497
23184751
13550609
4054271
10090802
26466755
2685102
14260006
6641766
4060336
11001101
11302984
15647813
10274906
16047240
2473544
2742569
10695965
10629627
17048263
10311879
7513662
16869194
11333542
1286699
1294977
6075711
2455849
13904998
2459647
4659626
2448767
2440964
2660122
1286698
2370381
29033858
26702488
6756727
7588180
28305350
29393067
20466478
17159981
2803682
18951618
4533413
7025151
15567650
2321240
29870195
15567651
1759537
2455852
2456797
2686424
24632366
28063551
2823484
16012626
18227135
27535746
6075711
2455849
13904998
2459647
4659626
2448767
2440964
2660122
1286698
2370381
29033858
26702488
6756727
7588180
28305350
29393067
20466478
17159981
2803682
18951618
4533413
7025151
15567650
2321240
29870195
15567651
1759537
2455852
2456797
2686424
2636597
28756379
28966411
29482876
6788956
14440783
6075711
2455849
13904998
2459647
4659626
2448767
2440964
2660122
1286698
2370381
29033858
26702488
6756727
7588180
28305350
29393067
20466478
17159981
2803682
18951618
4533413
7025151
15567650
2321240
29870195
15567651
1759537
2455852
2456797
2686424
24822268
24823367
24849973
25973619
29857543
29947943
6075711
2455849
13904998
2459647
4659626
2448767
2440964
2660122
1286698
2370381
29033858
26702488
6756727
7588180
28305350
29393067
20466478
17159981
2803682
18951618
4533413
7025151
15567650
2321240
29870195
15567651
1759537
2455852
2456797
2686424
29948125
29951538
2876249
17402454
22021758
15917471
6075711
2455849
13904998
2459647
4659626
2448767
2440964
2660122
1286698
2370381
29033858
26702488
6756727
7588180
28305350
29393067
20466478
17159981
2803682
18951618
4533413
7025151
15567650
2321240
29870195
15567651
1759537
2455852
2456797
2686424
13904998
2459647
4659626
2448767
2660122
2440964
1286698
2370381
29033858
26702488
6756727
2424473
18969849
2636891
2742578
16307713
7588180
28305350
29393067
20466478
2803682
18951618
7025151
19313462
15567650
2321240
29870195
9247174
4339898
17049250
10000134
10126261
15567651
1759537
2455852
2456797
10876563
10936291
10969874
10969924
11011877
11024940
6075711
2455849
13904998
2459647
4659626
2448767
2440964
2660122
1286698
2370381
29033858
26702488
6756727
7588180
28305350
29393067
20466478
17159981
2803682
18951618
4533413
7025151
15567650
2321240
29870195
15567651
1759537
2455852
2456797
2686424
25037796
25119232
25119253
25139356
25139358
25139359
6075711
2455849
13904998
2459647
4659626
2448767
2440964
2660122
1286698
2370381
29033858
26702488
6756727
7588180
28305350
29393067
20466478
17159981
2803682
18951618
4533413
7025151
15567650
2321240
29870195
15567651
1759537
2455852
2456797
2686424
13904998
2459647
4659626
2448767
2660122
2440964
1286698
2370381
29033858
26702488
6756727
2424473
18969849
2636891
2742578
16307713
7588180
28305350
29393067
20466478
2803682
18951618
7025151
19313462
15567650
2321240
29870195
9247174
4339898
17049250
10000134
10126261
15567651
1759537
2455852
2456797
27608498
27609977
27637385
27661054
27661483
27663830
6075711
2455849
13904998
2459647
4659626
2448767
2440964
2660122
1286698
2370381
29033858
26702488
6756727
7588180
28305350
29393067
20466478
17159981
2803682
18951618
4533413
7025151
15567650
2321240
29870195
15567651
1759537
2455852
2456797
2686424
2685106
29362452
29362453
29362454
29362455
29362456
6075711
2455849
13904998
2459647
4659626
2448767
2440964
2660122
1286698
2370381
29033858
26702488
6756727
7588180
28305350
29393067
20466478
17159981
2803682
18951618
4533413
7025151
15567650
2321240
29870195
15567651
1759537
2455852
2456797
2686424
30011771
30011914
30012296
30014211
30014394
2742577
6075711
2455849
13904998
2459647
4659626
2448767
2440964
2660122
1286698
2370381
29033858
26702488
6756727
7588180
28305350
29393067
20466478
17159981
2803682
18951618
4533413
7025151
15567650
2321240
29870195
15567651
1759537
2455852
2456797
2686424
30691839
30692001
30692484
30692690
30692944
30693298
6075711
2455849
13904998
2459647
4659626
2448767
2440964
2660122
1286698
2370381
29033858
26702488
6756727
7588180
28305350
29393067
20466478
17159981
2803682
18951618
4533413
7025151
15567650
2321240
29870195
15567651
1759537
2455852
2456797
2686424
4170479
4273670
4339348
4428476
4495044
6056692
6075711
2455849
13904998
2459647
4659626
2448767
2440964
2660122
1286698
2370381
29033858
26702488
6756727
7588180
28305350
29393067
20466478
17159981
2803682
18951618
4533413
7025151
15567650
2321240
29870195
15567651
1759537
2455852
2456797
2686424
13904998
2459647
4659626
2448767
2660122
2440964
1286698
2370381
29033858
26702488
6756727
2424473
18969849
2636891
2742578
16307713
7588180
28305350
29393067
20466478
2803682
18951618
7025151
19313462
15567650
2321240
29870195
9247174
4339898
17049250
10000134
10126261
15567651
1759537
2455852
2456797
20359190
20359716
20469232
20470421
20470622
20471475
6075711
2455849
13904998
2459647
4659626
2448767
2440964
2660122
1286698
2370381
29033858
26702488
6756727
7588180
28305350
29393067
20466478
17159981
2803682
18951618
4533413
7025151
15567650
2321240
29870195
15567651
1759537
2455852
2456797
2686424
11523898
11565196
11586935
11604332
11790160
11947702
6075711
2455849
13904998
2459647
4659626
2448767
2440964
2660122
1286698
2370381
29033858
26702488
6756727
7588180
28305350
29393067
20466478
17159981
2803682
18951618
4533413
7025151
15567650
2321240
29870195
15567651
1759537
2455852
2456797
2686424
22486476
27232701
26925668
25640492
31143974
2490992
6075711
2455849
13904998
2459647
4659626
2448767
2440964
2660122
1286698
2370381
29033858
26702488
6756727
7588180
28305350
29393067
20466478
4533413
17159981
2803682
18951618
7025151
15567650
2321240
29870195
15567651
1759537
2455852
2456797
2686424
22021310
20354704
21311438
20356986
21311650
22599711
6075711
2455849
13904998
2459647
4659626
2448767
2440964
2660122
1286698
2370381
29033858
26702488
6756727
7588180
28305350
29393067
20466478
17159981
2803682
18951618
4533413
7025151
15567650
2321240
29870195
15567651
1759537
2455852
2456797
2686424
29804603
27468124
29090961
24533919
20853352
17084502
6075711
2455849
13904998
2459647
4659626
2448767
2440964
2660122
1286698
2370381
29033858
26702488
6756727
7588180
28305350
29393067
20466478
17159981
2803682
18951618
4533413
7025151
15567650
2321240
29870195
15567651
1759537
2455852
2456797
2686424
31430466
2742565
10719927
9865152
31438811
31150038
6075711
2455849
13904998
2459647
4659626
2448767
2440964
2660122
1286698
2370381
29033858
26702488
6756727
7588180
28305350
29393067
20466478
17159981
2803682
18951618
4533413
7025151
15567650
2321240
29870195
15567651
1759537
2455852
2456797
2686424
13984662
31244369
31092601
17281559
11043904
31210500
6075711
2455849
13904998
2459647
4659626
2448767
2440964
2660122
1286698
2370381
29033858
26702488
6756727
7588180
28305350
29393067
20466478
17159981
2803682
18951618
4533413
7025151
15567650
2321240
29870195
15567651
1759537
2455852
2456797
2686424
31323213
31323248
31323278
31206822
31323400
31323498
6075711
2455849
13904998
2459647
4659626
2448767
2440964
2660122
1286698
2370381
29033858
26702488
6756727
7588180
28305350
29393067
20466478
17159981
2803682
18951618
4533413
7025151
15567650
2321240
29870195
15567651
1759537
2455852
2456797
2686424
30887595
6075711
2455849
13904998
2459647
4659626
2448767
2440964
2660122
1286698
2370381
29033858
26702488
6756727
7588180
28305350
29393067
20466478
17159981
2803682
18951618
4533413
7025151
15567650
2321240
29870195
15567651
1759537
2455852
2456797
2686424
8713582
14465027
11026345
8713592
29956722
20306846
24129482
31391054
8185220
8597861
8663973
8934500
10363529
23779908
23850503
24888635
24919086
2424495
26690478
26746952
26950477
27251964
27293181
2556772
28032593
28032660
2636602
6788341
6794225
6794226
6794281
6794324
6825054
6825065
6825726
6869027
6869033
6869034
6869035
6869036
6869037
18465960
18466283
19982640
20035182
20050128
20241907
20253309
20305378
20376079
20747762
20866208
21021023
21047823
21047975
21213639
21232841
21428235
21508052
21521185
21521416
21521587
2069427
23082596
23488440
11505383
13795557
13798113
1327402
23430666
2888877
31199169
31198460
18487931
31191576
31177313
6869043
31526955
31526946
31527021
10629352
8597097
16829760
8597079
27685443
2599748
20725963
4249821
27869985
28461279
1286720
24662085
29639058
29697437
10274698
17361313
2456801
14257914
24902788
18470026
30152712
11302109
11178937
24347924
30265868
10750403
29710135
19276976
27685623
2380188
18464938
1502815
26655352
26697561
10170181
2473170
9626846
2721950
25822771
28093548
11252308
18488718
8202850
2455834
7590822
1286826
25981181
9402465
10311010
4436148
30228920
24852901
30028157
25131953
8597077
2557115
29545370
2459700
28835806
29676384
18725028
9996142
1508696
26374511
4564164
16282746
14069304
26232673
26806705
12668236
4029775
26881203
10354909
14152678
4508921
1508695
30304575
2742587
15234009
29074292
30383269
30724449
25537485
30898421
26877640
11026386
11251832
2774467
29639136
27775356
11947711
25422539
2800646
23059283
11004395
25397406
26375800
30723486
11185500
21671194
23483388
14440750
3212224
10974685
30917266
25151207
29392331
2352458
3970467
10936896
29423762
29423186
29425407
8492197
2623564
30859682
16114673
16999043
8151804
20725779
30587638
24553501
10111944
29942520
17360219
10451222
24810889
27744338
13046136
4896690
7702752
26944678
7741153
19523912
22679432
6202287
28005089
19135287
27518389
11004391
4777754
2810434
2377422
10695544
23340419
24341085
16131349
29899146
27278756
29588111
30526764
26429620
11251853
29269706
27461858
27363810
28912133
10510187
4386337
30940295
15414928
11301685
10764479
30132711
25775535
29319496
14653259
26927950
26653175
19294573
18123524
27021973
22723734
4029807
29904756
30548052
27946493
27662692
14992874
30029111
30102443
22695216
26373028
26544754
13087506
30707121
29153991
26736040
25502138
6644634
26936607
29053771
2774472
29904664
24890840
29899148
18175814
23287324
13381550
25223741
10564748
24623937
28465324
10682680
30110616
30723461
20470870
25981959
25233946
29053801
13381557
26410086
25412576
13843774
4196276
23972064
4138172
25873224
1737878
16184905
2456800
16302310
20322177
24334814
25151260
1328827
11301666
10153020
2364868
17011315
23025203
18972894
16773299
3598789
6794156
5304032
2488232
17011318
7513567
11258541
2345013
2277718
4062134
2380186
2742586
11276848
11794755
18484672
6089717
16376003
21327801
11599246
29571597
27950074
29407793
29053789
11301635
8151370
29381744
30240731
27949077
2678238
29892258
16758572
22381688
25774304
30183800
18048389
22032321
10822936
24297658
24293182
24292359
10680752
24809765
26924582
28465509
29202504
30184273
15579624
26270976
10694158
10876547
23910722
24556422
27517318
27904221
29313632
25857417
27946309
27979856
30083841
18706970
19660812
16519895
11301675
18916828
10274811
10694170
26332283
17271698
11523909
8449126
8492906
10629268
24841121
25548641
2678243
29923798
4337766
15437171
6449673
27502550
2556761
27949434
28245209
29200619
6804707
20865262
29524370
25502319
26758983
29313915
4386336
29905992
16530721
18917237
2172637
13792122
23341656
18707815
22219196
24364187
26725951
2818236
3961244
19452560
22723029
20275296
24381251
11598935
27473273
28190988
28796265
28889805
29053813
29152533
29899150
15877229
16974476
19115359
4249823
23516737
8236040
9983154
11185495
25111990
26777319
28569898
28889611
29448104
29863899
29899143
29904682
29906104
29923907
20286329
11302978
8486349
14468474
30742046
31377640
30739116
30741094
31197206
1286697
2803683
10274827
2459699
3869954
3871287
2455847
2459085
19941801
4507617
2774470
10682679
2504564
24816059
26374612
26097336
16893688
8153627
31127640
28822621
11178973
23808998
23815251
23837588
23953764
24380718
24381074
2277716
24488846
24489252
24539513
24560220
24561309
24562473
24563753
24600769
1286697
2803683
10274827
2459699
3869954
3871287
2455847
2459085
19941801
4507617
2774470
10682679
2504564
24816059
26374612
26097336
16893688
8153627
31127640
28822621
11178973
26169666
26179779
26182913
26188550
26190000
26192334
26195170
26212417
26215163
2429887
26257500
26307640
26337447
26351778
26376235
1286697
2803683
10274827
2459699
3869954
3871287
2455847
2459085
19941801
4507617
2774470
10682679
2504564
24816059
26374612
26097336
16893688
8153627
31127640
28822621
11178973
28017486
28056841
28057109
28057119
28057264
28230155
28316751
28344897
28412592
28444980
28453543
28462549
28501223
28502043
28502607
1286697
2803683
10274827
2459699
3869954
3871287
2455847
2459085
19941801
4507617
2774470
10682679
2504564
24816059
26374612
26097336
16893688
8153627
31127640
28822621
11178973
29464778
29472466
29473933
29487973
29487994
29501732
29501954
29540191
29554015
29554194
29592026
29592274
29596573
29596824
29596885
1286697
2803683
10274827
2459699
3869954
3871287
2455847
2459085
19941801
4507617
2774470
10682679
2504564
24816059
26374612
26097336
16893688
8153627
31127640
28822621
11178973
30110533
30110815
30111118
30112077
30112157
30112707
30114381
30115715
30117898
30123490
30123674
30125758
30126115
30161433
30167817
1286697
2803683
10274827
2459699
3869954
3871287
2455847
2459085
19941801
4507617
2774470
10682679
2504564
24816059
26374612
26097336
16893688
8153627
31127640
28822621
11178973
31112596
2990009
3055279
3055283
3097518
3213385
4068994
4107282
4129362
4129997
4129998
4130000
4137319
4139392
4386320
1286697
2803683
10274827
2459699
3869954
3871287
2455847
2459085
19941801
4507617
2774470
10682679
2504564
24816059
26374612
26097336
16893688
8153627
31127640
28822621
11178973
18429152
18429483
18429706
18430028
18431053
18431243
18431430
18431437
18432097
18432130
18537343
18694660
18694662
18765531
18800687
1286697
2803683
10274827
2459699
3869954
3871287
2455847
2459085
19941801
4507617
2774470
10682679
2504564
24816059
26374612
26097336
16893688
8153627
31127640
28822621
11178973
22657536
22743944
22747387
22748473
22748671
22845820
23051987
23218547
23229488
23254835
23263672
23504542
23520422
11299532
11301657
1286697
2803683
10274827
2459699
3869954
3871287
2455847
2459085
19941801
4507617
2774470
10682679
2504564
24816059
26374612
26097336
16893688
8153627
31127640
28822621
11178973
31156792
30557164
23339717
19546495
23325797
27843019
16561700
24568721
27979854
31095034
27853038
25422589
20842372
25422513
8543592
1286697
2803683
10274827
2459699
3869954
3871287
2455847
2459085
19941801
4507617
2774470
10682679
2504564
24816059
26374612
26097336
16893688
8153627
31127640
28822621
11178973
13381559
24594576
31029677
25778017
31165074
31243732
31107162
12007014
30967999
29900865
31094054
30595014
30599448
30877809
30969883
1286697
2803683
10274827
2459699
3869954
3871287
2455847
2459085
19941801
4507617
2774470
10682679
2504564
24816059
26374612
26097336
16893688
8153627
31127640
28822621
11178973
22331566
22378516
31111136
22570701
19758454
30791548
30923092
30923334
10311009
10311011
26308704
26308851
31124875
31380215
30217390
1286697
2803683
10274827
2459699
3869954
3871287
2455847
2459085
19941801
4507617
2774470
10682679
2504564
24816059
26374612
26097336
16893688
8153627
31127640
28822621
11178973
30888801
30892622
30892162
30891078
30544535
30544991
30670153
30886888
30671898
30890029
30892919
3871574
19116430
27907019
31467020
1286697
2803683
10274827
2459699
3869954
3871287
2455847
2459085
19941801
4507617
2774470
10682679
2504564
24816059
26374612
26097336
16893688
8153627
31127640
28822621
11178973
31268510
31268360
31268066
31268456
31268402
31268322
31268239
31217925
27805466
31268618
10043008
14000606
1286697
2803683
10274827
2459699
3869954
3871287
2455847
2459085
19941801
4507617
2774470
10682679
2504564
24816059
26374612
26097336
16893688
8153627
31127640
11339741
26269067
28822621
11178973
11435173
6869049
16996439
18971035
17872292
17056209
17285519
1927775
17056047
2397202
16968621
15385733
17058119
25560357
22380178
3987345
1863839
2879671
27074192
15934145
13985607
2879665
26057580
16561069
21144663
24281045
27841978
1739192
28766403
31197205
31263727
8448853
8526549
8597859
9864452
9867749
10009664
16966950
16967277
16967889
16985093
16985141
16985458
16996640
16999442
17011322
17033836
17806687
17806804
17862251
18117777
18121039
18121366
18121547
18121871
18126124
18519330
18848035
19460522
19553467
19677122
20302883
20818136
21158126
21508525
21672944
22303875
23496378
13383689
13504312
13536795
13906436
13906443
29755446
31392010
31394411
31421936
31430046
27161680
31446340
30835389
14257886
31448480
31448587
31197207
31449329
31449357
31450711
31458407
9504248
31485007
31487495
31503401
31505008
31505947
31514150
31514546
31515012
29234629
11258546
10043012
21068331
30750381
19317503
13532475
13532477
22758190
19654786
19554134
21263771
24003141
19554573
31257047
15357423
15357421
21068335
22650539
21068339
21068343
21068355
2599148
2599149
2599150
2599151
11391229
11391383
14591740
13643441
14591743
13643449
13643404
13282916
13282871
13611882
13283623
18592664
13643422
14591752
13282985
14591727
13282904
13282878
14591730
14591733
19501163
13643476
14591746
14499458
13282922
19500967
19500955
14591755
14499454
13643451
14591717
13699004
13282914
14591725
13282853
14591721
8227377
13282920
14499467
13282898
28540216
13282902
13282896
13282855
14499456
4257714
8227376
8227374
8227375
14499446
14499452
14499439
10451711
2363976
10451660
26511917
26511917
22758341
8208806
13699028
10707017
2351130
13282918
13643413
13282908
2363984
8226842
14591758
13282910
8226773
8227260
2363978
8226839
2363977
13282946
10566480
10566481
10566560
9130113
9130117
9130120
27931590
30369466
30370533
30371877
30376791
30379809
11295227
11295264
11336094
11591352
11618258
12585871
12662433
8274146
8226774
8227312
8227380
8227378
19274694
8227372
8227259
30668705
30670526
30671064
13282971
14591737
13282880
13643457
13611878
13699010
15916889
13699018
17677459
12704996
11179822
11225401
12705566
11788003
11787592
11787512
5267655
13394143
11179250
29998099
12577872
12578472
11242268
12705847
11789270
12705736
13699014
25648068
5267667
21068353
13699012
29998023
12705509
13113196
11346532
11224470
11789168
13282997
13282987
11233318
11346522
20028892
13699020
13699008
18592656
20028899
18592647
18592650
18592653
16888258
20028894
20028902
20028896
2599152
31334366
13282961
13282829
13699000
13282955
13282894
10209356
13698994
13282884
14499437
13282888
13282963
6669157
10451187
13699002
12903141
13282890
14201993
13282886
13282959
8898383
16888262
13282949
11121154
13282882
11121151
28557740
16154179
11866211
28024660
11121153
11121150
7541962
28235363
13871365
16154172
16154175
19091341
27456510
19091345
19091339
26743552
25538534
25866427
9500224
25538028
29218507
27456495
25879032
12343800
27456505
13487031
19091335
25863333
25538800
25834025
26414356
27456486
27456482
26415314
27456491
29220838
12343769
29220035
15216020
26414654
26415398
25537993
27456484
25867447
26415175
25866715
26414465
13182554
13053200
15228860
15216485
15228424
10091404
13181963
26414273
15229043
25527371
13636169
30449302
13539129
13539130
13539133
13539136
15218895
13636162
13539134
13539140
14257910
31433810
31465272
31445496
12482469
28625884
28628758
31434585
31445533
31100303
12482458
31445549
31445181
13053167
25876268
31431316
15450093
15450100
19091337
13181688
19091343
15450096
13181966
25875857
22993254
28449838
28089111
28089116
11179495
12168161
11206796
11229914
11101290
11206795
13394292
13110604
11179496
11179500
11225079
13390962
13110701
11179499
11179498
23400111
11179497
22870435
29997487
22863364
29997844
11171850
13296842
13996724
17862262
23400612
17862283
22871743
22865446
22864991
23564604
29997581
13699891
15230515
15230506
13699893
8306532
4451371
5003175
4451349
10696000
10027723
5002928
4566930
4451364
5003159
13478660
8162204
15230512
8305911
9919632
15230529
5003164
10766373
5002939
15230531
11202568
10031269
8364973
10695547
15230523
4451367
10122360
8306694
15230519
9399515
8444894
5003165
11866250
13699899
21212403
14534530
18803144
9801872
10682269
21210209
8554068
9801880
29923586
25640214
27942428
13699883
15846492
8306505
13699861
25137945
11458514
13699885
14147765
18194344
25644495
16705421
18185487
14970611
9801858
20326408
23311472
18307892
15230517
20931050
18195651
13699865
9801878
27637101
13699887
18295983
18477838
25593030
13699859
18308089
21270078
15846462
18556314
18295531
18295398
20327210
18296204
9801879
18760376
8368842
25597354
25594469
25638733
4829420
10876666
8306679
15230501
25633792
10566282
2488894
10230393
21279441
3833441
13543337
16441289
13543339
16442071
18595139
4959082
8526360
25137577
18180174
27622136
5262010
6442147
18308085
20805074
20826787
2898332
19479040
27741515
20848694
10682267
17946851
24712178
27247801
27248602
27641173
27899597
6674962
15027918
19618435
20742374
21030528
11458844
15230533
13166625
26236354
27716501
18296151
19540269
20326681
20414254
20826770
29871000
29871004
10876701
10876705
11260376
25137948
25137949
25312969
25592133
25596824
25597459
25598164
25598247
25636733
25639588
25643773
25755946
25756190
25911251
26070648
26701853
26703003
26767330
27174416
27246652
27247222
27247394
27248477
27249322
27399766
27452428
27454283
27456140
27456895
27481905
27565889
27611993
27613995
16508142
16519689
16542276
18185579
18185633
18188876
18191452
18192083
18192391
18192612
18194107
18194808
18195214
18195970
18196312
18308006
18483627
18950821
18972924
19105449
19105561
19182388
19183912
19241322
19243292
19243329
19274714
19352888
19353337
19402496
19549500
19565031
19599850
19800186
19856045
19870002
11659847
11659848
11865934
11865935
11865937
11865944
11865947
11866232
11866234
11946872
11946883
11946949
11946958
11947713
12099965
12099966
12292350
12317938
12317943
12319507
12319548
12670530
12941429
12941534
12941535
12941536
12941717
13331402
13331406
13909408
14148365
14148366
13621192
10876704
28710191
19231839
13503238
13503239
12695443
16453791
12657586
16452870
16474934
11402094
16453320
11213618
25137960
25137984
20803317
20803318
20803319
20803323
20803324
20803325
20803326
20803283
20803285
20803287
20803288
20803289
20803290
20803300
20803303
30915125
30914515
30390456
30390455
30914083
30390399
30913538
30390514
30390512
13690190
19869017
19869015
13291210
13690689
19869013
18663987
19869011
27795059
21346936
21346815
21675710
23270806
14022504
9801843
15593093
20110012
18663887
15944032
21016080
13715441
18663937
27542352
17230380
17230381
17230382
30392508
27864877
29944607
17230378
20867569
14022254
13690192
18978922
18978985
18978986
14832629
14832632
17348100
28611710
11866048
6452154
9760876
22964363
13543754
21284570
10274890
2601147
5264038
2600284
13085736
5262152
6607242
1472338
2586473
13283602
2586477
30314298
2635826
21595371
6607205
4959088
10766374
11458512
10311617
28611712
8449817
13085733
20827923
8595189
29219650
29219655
19135810
21594057
29266876
21594585
19134153
18295681
18556034
18295850
21311163
2586474
3310298
17348098
2685546
3970371
2600276
3970358
2635823
20899274
16447886
1472335
3310230
4257915
2586475
4959107
3310296
3310267
16833064
19580526
14284656
19582304
23709398
20403521
21383871
18975903
24585655
19580266
26082008
13285213
3970479
26083268
12696462
3310243
22935750
22964546
26913142
10876545
10876703
10876706
10969935
24255244
24257227
24271667
24280517
25364299
26688412
26690226
26691803
26702463
27446074
27451738
28070871
28071647
29143068
29143645
29720439
29928837
29928838
29928839
29928840
29928841
29928844
30456633
10876695
18918822
19436769
3970469
27774933
2745065
16463885
25362965
25362014
28125357
8368581
26079494
26069207
25364951
30279589
19233879
31294403
31294386
31294390
31294391
31294395
31294396
31294399
31294401
31294402
31294406
26080793
14123098
13284787
18440614
9838793
12696510
31188947
4429963
21040712
2586476
14832646
13690186
14832684
14832639
10693492
9468979
25050865
18048401
4982209
13690182
13690188
18194093
14832656
14832653
16126766
2903796
13690184
14832635
15330807
14832660
20745832
14832662
19356420
26814797
18228409
13843772
13250055
20734145
13906450
20230792
17189675
13250062
14832686
17862961
13250058
24605941
13699867
19315260
20172463
27976120
6519384
26814795
20341850
9526585
9526580
27976114
17189676
10672531
13801028
19674180
16000622
16000625
27976109
16102852
20734071
20341848
20341868
20747100
20341871
27976105
20740284
20341883
17862952
18631964
20240268
13699869
20149406
24334038
20341856
8366886
16102845
20166812
17189663
17189658
9801885
20341879
24335414
20341881
20732862
20341852
24333740
25150188
20733319
27184518
17189648
20341846
29142603
21390251
24332528
18175272
16102839
25952008
16307280
20877237
12336750
24335291
18035571
24381879
10390029
27976094
17933372
20774484
13168773
23729396
29064489
18871515
19973557
20168527
18197954
25548639
21390737
21262381
16943146
9801890
24300606
16102855
27548789
25868469
17189677
30604625
12664046
20249828
18035585
23269532
19070386
10682697
20303645
20070077
18241503
20696606
20405850
9526641
20410577
18556885
24382871
16943147
17189654
19709491
17935800
20804380
9801892
9801840
21383005
24297896
16307125
29872799
8527653
11011240
24301215
20367208
16102857
15594651
20877673
21356247
18556689
20877761
18048011
18049075
18197988
19911134
16102841
16307424
17189678
20000217
21339323
20341866
16307513
18299242
20270414
13801031
14152640
16102843
16102847
24931688
6442148
18244326
20311353
11007045
27403032
27944032
13047340
20828327
11174550
24023342
25252336
18557076
19134471
19144593
12669190
12410328
24302133
18035570
19365873
19836737
19836743
19836764
19836821
19836842
19836984
19836985
19837000
19988133
20002963
20877837
21098412
21261390
23378151
13233383
24940492
25252919
29863098
19788966
19798230
19836851
16967396
13284790
24252393
24307503
24382806
24383307
24387575
24396659
25016419
25151503
25249100
25296666
25297115
25305134
25410851
25858596
26369609
26372049
26372513
26904455
27436219
27439560
27440575
27441495
27442106
27446396
27446649
27447345
27450863
27451607
27459793
27460425
27461264
27462005
27468119
27468991
27469440
27469745
18035568
18035569
18188665
18197571
18243622
18556844
18845901
18975384
19216756
19224817
19236321
19253515
19609436
19821740
19836484
19897950
19909152
19924452
19930529
19939279
19939417
19966276
19966587
19967112
19967859
19969245
19973957
19987852
19990622
19991026
19995597
20000408
20000663
20009313
20011271
20082958
14102776
6450133
6450094
19798393
27340570
28741912
31318052
31353537
31294315
31313551
31294316
31313553
31294317
31294318
31313560
31313561
31294322
31313568
31313569
31313570
31313572
31313573
31313574
31313575
31313576
31313577
31294336
31313585
31313586
31313587
31313588
31294321
31353521
31294333
31294335
31353535
31137694
20828278
31493480
31493742
31493736
31493735
14832666
14832674
14832650
17862964
14832616
27976139
14832643
14832670
20341858
20341860
27976137
20341864
17984225
18782182
19498975
16126763
16126769
16126776
16126773
9526623
21178500
21178504
18847777
17862955
20029513
25007620
17189660
18185342
19921459
20964235
13690159
14832692
14832690
13690161
13690172
13690178
13690180
13690170
13690166
13690163
13690157
13690174
14832688
13690168
16263213
9526546
13690176
16943141
13699875
28585131
18464663
16106900
4982377
16263210
16263212
28627943
16106898
16869417
14340728
28627952
13699877
13291191
28627960
12941440
17189632
28627948
18230493
20839023
30648012
29451888
18175950
19836558
16869168
18034412
17189669
17189637
17189635
14341642
25866624
16943135
18230920
20908198
16943138
24119682
24907649
15038501
25012258
16869185
16943137
17297585
21415977
21416368
21416626
13166595
14498291
17189647
24119048
16760629
17297588
17297590
20838914
13284789
18978731
19836982
19871986
19987923
19992205
19992298
20000664
20406269
20471462
20839092
20907562
20907967
20908072
20908164
21282688
12941442
12941469
12941486
12941488
26709221
25867010
25857572
13801043
18973292
18181313
16106893
14832618
25346007
25007046
17189636
17189679
31279601
31279975
31282020
31281457
31401095
19276728
23050359
26479869
18919372
24527695
20665040
22916700
25855709
22925969
23237949
23236972
21595751
21682333
15905619
15905615
18307726
27431842
8383390
21682227
24192043
18307502
20835283
18307685
23238355
19115683
21121280
25140608
19115439
21595699
24494483
24495988
24495198
24194065
24496526
19115005
24081922
31334101
31480764
31496763
20356807
16237366
20661754
20661717
20661750
18473303
15567657
8448336
15567659
9526480
9526548
9526599
5262226
5269926
8364557
9982998
8449935
12406406
26280549
13801286
19364750
9526523
9524619
14283960
19146365
11252199
9801875
9801876
15414944
10762496
11202579
15414942
22091066
13898972
10695549
13897954
19360670
22714550
20944738
26624511
12587807
18723483
27724192
18723638
19358699
25855840
19357817
28065630
11203637
18009666
25857201
18308250
18721469
30650598
20230125
27905375
26662282
27780490
12492841
12587802
4174374
25852995
19355073
19356182
19552030
10941403
13543338
13543336
11337639
15492194
26280332
18504054
4998276
6481379
20947484
19357034
27881898
25281658
4174719
15366060
18299068
20931333
18557287
25937151
25937687
25945807
25957980
26348215
18298996
26827536
23716026
25940482
25945241
26485918
2804997
4174705
4174749
15771526
11398882
19367529
11369596
28020456
4174739
18307764
20945231
21261227
11398881
19355527
18723072
27505515
20933007
14418464
12587810
26828449
10876544
10936372
11202567
11202584
11257219
24193413
24237809
24934248
25351210
25818021
25856378
25958370
26485714
26919409
26920880
27216232
27291638
27406520
27451097
27605073
27724062
27883588
27889042
27889671
27906111
28075103
28174679
28175038
28175886
28175908
28176632
28177253
15292563
15419771
15492022
15492195
15492269
15492271
15492272
15492277
15492280
15492281
15492282
15492292
15492295
15492297
15492300
15492305
15567660
16140206
16284621
16975028
18223892
18504474
18828266
18975135
18975329
18975332
18975401
18975403
18975430
18975755
18975855
19033714
19144782
19146248
19146572
19185248
26087290
26086507
19347654
31160997
31158860
31158381
31159419
31161230
31158266
31159943
31158301
31155647
31158297
31157552
31282314
31347736
31348094
31346421
31317749
31316899
31317750
31316931
30479830
30480270
30479308
30479366
30479760
30479450
30479377
30479895
29831675
30479916
30480048
30479787
30479406
18912832
31360594
14123105
31464014
31464291
31464459
31470981
31471360
20478534
24430462
7296718
20865172
20478283
20863379
10214396
11596660
24431708
10214376
19905612
19427740
21008086
7296721
10214377
10214378
10214379
10214386
10214393
10214394
10214399
10214402
10214403
10214405
10214407
10214409
10214410
10214413
10311381
10311382
10436474
24829913
24830355
27053716
28020915
28021378
20860933
20862061
20864606
20865442
20865863
20865919
20866097
2200444
11301348
11301353
11301354
11599036
11599037
11599038
11599039
11599040
11599041
11599042
13801317
12338154
15587644
26956822
26960583
26961460
20470284
30755740
17458444
17458442
18941513
20311044
20699036
13779911
13110819
8986823
2984332
13486337
15903652
29007455
26129336
10206108
12980385
4329584
17446362
29927025
31058123
27370573
30965206
16148304
16846245
24870580
13269431
2984298
14904524
26129335
10790936
13485201
24872554
13486342
22860797
26160001
8685602
20315295
10205992
13158675
3070596
21544207
19281636
10138131
18227958
26758028
9823837
26829798
27058342
9958988
27367957
10205991
27381995
14468457
28306271
9628755
16062064
28580349
23879369
1549706
13269370
8982530
27383653
26229185
1592350
28656988
24045313
27462221
27384805
27372876
28665450
27468994
24627636
27373515
8685604
10094914
28580390
15600639
10439773
30093611
19481009
30439592
20105696
23609646
30235074
15600778
20311704
23879953
28580391
20177962
10439793
24031622
30095613
4329639
15600792
30793607
20105701
30998734
30238617
28665859
23881796
20189041
10439794
14923488
15214783
30794160
20105703
30244371
30998860
23882123
21135075
30227260
13269419
30225621
30222845
11213626
13269432
17226822
8740134
19457700
15175851
28060699
28060700
28060462
28060327
28060702
28060304
28060704
10206107
21135203
21266190
23429031
26129352
26129344
13290250
24058361
20314938
14008180
9656335
23984638
24164108
25516454
25611547
26473035
27368743
27371067
29060922
29061898
29062447
29062958
29063242
29064100
29064265
29064279
29064570
29065728
29066166
29066483
29068001
29070477
29070942
29071338
29071713
29071972
29072611
29072973
29073459
29351991
29540717
29694059
29694178
29694179
29694180
29694182
29694186
30098854
30272308
30304455
30309455
30310373
30312734
30406761
15054803
15054806
15054808
15054809
15054830
15054833
15054889
15207999
15214775
1549701
1549702
1549712
1589758
1592342
16148306
16319332
16760649
17226414
17226506
17226896
17227298
17227316
17227386
17329473
17374808
17374809
17374810
17420044
17470240
17912962
17912964
18186733
18359048
18706446
19044218
19046937
23148392
23148393
23148394
23148395
23148425
23148426
23148437
23148510
23403668
23403669
23403679
23403680
23403722
11517525
11628875
13158681
13158684
13158685
13163330
13230495
13230496
13230497
13230498
13231218
13256945
13256947
13269384
13269397
13269429
13481120
13485196
13485198
13485199
13627331
13627461
13627466
31131435
31133398
31132814
31124645
30835821
31120328
31229846
31229446
31227796
31228409
31226909
31219199
31224583
31211428
31217458
31221963
16062075
16062166
16062164
16062074
16062131
16062107
16062106
16062194
16062113
16062169
16062163
30838632
31134901
30836106
31135295
31137518
16062165
16062156
16062129
16062110
29599551
25862782
29544611
25807193
25818446
29589034
29585054
29586868
25851142
29598224
25853749
25802683
25853038
30706842
29511290
31409781
30553057
27539990
27472923
27471974
27517601
27539638
27516081
27452870
13231219
10439798
10439811
10439829
10439840
13269418
13269433
13850777
14402691
28858571
28858572
28858621
18906215
19491810
19501284
20105643
20105644
20105646
20314203
20314386
11213627
23886269
23985039
23985324
23985953
23986641
24628101
24628111
24629127
24629812
24630097
24630592
24632563
24632598
24632605
24632939
24632944
24632962
24633026
24633027
17912965
25461795
27343744
27346294
27356288
27372277
27397581
27397618
28861788
28861790
28861791
28861792
28861793
28861794
28861795
28862161
28862162
28862197
29928016
29928830
29935800
30953446
30954034
30954902
17912960
19493153
19493371
19494510
19494527
19494864
19915019
19952208
19966119
20194060
20196262
20859412
22629391
22657776
22658498
22658567
22659964
13158673
13158674
13158676
28861788
28861790
28861791
28861792
28861793
28861794
28861795
28862161
28862162
28862197
29928016
29928830
29935800
30953446
30954034
30954902
17912960
19493153
19493371
19494510
19494527
19494864
19915019
19952208
19966119
20194060
20196262
20859412
22629391
22657776
22658498
22658567
22659964
13158673
13158674
13158676
31518952
31518978
31518982
31518976
31518974
31518979
31518975
31518980
31518983
31519848
31519852
31519815
31519841
31519812
31519837
31519838
31519839
31519813
31519814
31519817
31519849
31519851
31519816
31519818
31519820
31519821
31519853
31519857
29870340
29422231
13477286
24570805
6155582
1426912
13253687
24970205
4982380
13626163
11517882
6063657
13234725
27278618
7881849
8442538
6096687
20177960
11753025
4994477
18186879
11459081
23479701
20478928
13801033
24915066
19617050
24206128
3617570
26809936
8364569
3598954
3617571
8740056
2415105
8484698
17241058
8154543
19625504
30559035
13234010
20878431
26644142
21591198
20805082
14251442
18205161
12322682
24456624
11599043
13081229
8306674
24258575
30928441
18505561
16921094
16542244
30279168
10629298
8364305
16541983
17540916
10566280
20795398
26738534
26720370
24570803
20343265
8383333
9963682
19267769
23777177
4549878
8368825
27537624
8748412
11260616
2415103
2740140
17241055
4558778
8740042
8306776
18111838
27745991
24571793
23300339
20009806
29377818
6052837
4824124
18593599
25599159
25440287
24215213
27913619
24614881
28237481
16668069
22771950
23962538
4558586
27596148
16663134
28118599
10822781
29042068
4558245
20058618
17720242
13115876
27715408
24425495
27430863
25591937
27056177
20839068
11763865
13250051
12492412
13503234
10694303
20177891
19270065
11335496
28596667
8383383
10694468
25280517
25306445
26922751
27543072
20795819
20806005
25250553
21085032
21117341
19798248
7763782
7764330
7924447
7946243
8319922
8368831
26770989
26850305
26850325
27056638
27059315
27167320
27402445
27575412
27575765
27577936
27578226
27578510
27602528
27755743
27756640
27758149
27759896
27895802
28012219
28262580
28262795
28317117
28325577
28327949
28514089
28824042
28879981
29029125
29045339
29045891
29046788
29047615
29048227
29069858
29207139
29225914
30631090
30671709
30821876
30851870
30977225
30983528
30985408
30986143
30986400
30986470
30986607
31072321
31127583
4031861
4207467
4257150
4361933
4533299
6155580
7104242
7104927
14915654
14916092
14916096
15349582
15567656
15567663
15598121
15601171
16372147
16407203
16408292
16541963
16541982
16542084
16542085
20044469
20116648
20116657
20123212
20176285
20177897
20252118
20314497
20419982
20419983
20419985
20419989
20419992
20419994
20419997
20420000
20420001
20420003
20420016
20420017
20420018
20420019
20420021
20420045
20420046
20420047
20802792
20856817
20879223
20906315
20916470
20929365
20987024
21085158
21089234
21110628
13432424
13801034
13801035
13801288
14001351
14086459
31131365
31135623
31127198
31128959
31128258
31130298
31131723
31129982
31134212
31129509
28821360
11335771
9663232
9663303
9663331
25850913
25888248
25894592
25887544
26354939
26364749
26425624
26069090
26356822
31140924
30744492
19269744
19269978
19537585
12354477
15903650
17241106
17280907
17241007
17240980
17241006
17240778
17241021
17240979
17011373
20835346
28118330
28083367
31353520
31353530
31353542
30479699
30480521
28973157
12494492
8306087
3311227
25595994
14971228
26118949
13503236
27715545
27715424
27715478
27286497
27244944
27192923
27244887
26237672
31396847
24444261
31343676
26809937
29759408
30880697
31307820
31353067
20278396
25456962
30773421
30891557
17377076
18401004
25240790
19253555
12331760
31156060
31152677
31144392
31183292
31179911
31317518
18453326
31374044
31404529
31452186
31456321
31457285
31463186
31468307
11324836
23575181
26504350
26504730
24460068
25857870
27552461
29214963
25856416
16985698
29715035
5016194
23985257
13639120
4558233
4557938
25858219
13333621
29201802
9718710
9718711
10876715
10876718
10876732
11157253
11157555
27827920
28015689
28017943
29039504
29054770
29055891
29064094
29064278
29064385
29065044
28885688
4558561
26344535
18405933
18111850
7901682
23581801
6371767
19772762
11789273
19810875
13164217
24413552
24970476
8492890
4549894
2905959
8526539
23487093
14237782
20786088
19758796
4994478
14000566
23483176
23487866
20035060
11260137
18974651
20915420
30096905
24826343
10629274
19758613
4679873
25495366
15168503
2021783
19691992
29248017
10682225
10823050
20897854
9679161
25914731
10682230
9676455
9661562
26809914
21190040
23515511
25310067
11946333
10682200
15756460
20177847
26360526
11946324
9676461
11946410
9679158
9676460
3830976
11946332
8331308
13598857
9679110
11946337
10823055
11759519
11946878
12007032
15730027
9661554
17102190
23396320
24468124
28241803
10451191
20122829
14629295
16531311
30308366
28072499
25249631
27883044
23292478
22907096
7711854
7764336
8306982
8383384
8448981
9661386
9661564
9661565
9661566
9661567
9661568
9661569
9679141
10510226
10510227
10510230
10510233
10510252
10510255
10510276
10510279
10510381
10510387
10510388
10682202
10682216
10682217
10682218
10682219
10682220
10682221
10682222
10682223
10682231
10682232
10682235
10694265
10694274
10694284
10694285
10694286
10694287
10694288
10694289
10694290
10694291
10694292
10695556
10695557
10695984
10695999
10756932
10756933
10761078
10762390
10764022
10823051
10876726
11158490
11257209
27906266
29429982
29435367
29522870
29525622
29529067
29530540
29708832
29708833
29708843
29708849
29708866
29708913
29708919
30100067
30201997
2762169
30302773
30422479
30769212
30986537
31011039
31083355
31125221
3659817
3830965
4258339
4258340
4298976
4299002
4299003
4299009
4299010
4299013
4299031
6152059
15567654
15641039
15754439
15755844
15756075
15756248
15756757
15756920
15757366
15757541
15757751
15905641
15905642
15905643
15905650
15905652
15905653
15906034
15906036
15906037
15906038
15906040
15906041
15906043
15906044
15906045
15906046
15906052
15906054
15906057
15906061
15906063
15985740
16502472
16542219
16542241
20917298
21062910
21081079
21083914
21084015
21140548
21257829
22479769
22666422
22837391
11302055
11302056
11302071
11302072
11302073
11302076
11302079
11302093
11302096
11302098
11302100
11302103
11458815
11517840
11569343
11569344
11569345
11569348
11569349
11569350
11582252
11582253
11946326
11946351
11946362
11946364
11948290
11948291
12076732
12076802
12076824
12076830
12076858
12076867
12076876
12076885
12076902
12076997
12077014
12077018
12077024
12077026
12077027
12077173
12077623
12077626
12164283
12164284
12164285
12164286
12164287
12164288
12338273
12338827
12417841
12418046
12418401
12418949
12419228
12420008
12420285
12420399
13048276
13048278
13048279
13048280
13048281
13048282
13052989
13089098
13089103
13089105
13089110
13089111
13089112
13089113
13089114
13089115
13089116
13112065
13153496
13153497
13153498
13153499
13153500
13153501
13153502
13153503
13153772
13153782
13153806
13153826
13153833
13153838
13153846
13153860
13153861
13154737
13381569
13381571
13383691
13383692
13383693
13383699
13383700
13383701
13383702
13484388
13484390
13484394
13486344
13639138
13728235
13733572
13733979
13796347
13801012
13801013
13801019
13801020
13801021
13801022
13801025
13801026
13801322
13801325
13801326
13801327
13801328
13801329
13801497
13801498
13801499
13801500
13960751
13960776
13960778
13960780
13960794
13960820
13960956
13979615
13980261
13980942
13981501
13981801
14001432
14001447
14001522
14001524
14001526
14001532
14001584
14077315
14102754
14102755
14102756
14102757
14102758
14102759
14102760
14102761
14102762
14102763
14102764
14102765
14102766
14102767
14247334
14250367
29357447
29356835
29352301
29054921
29050155
29048665
29024984
12338163
9679148
9679153
9661561
9661559
9660422
9679162
9661563
9679156
9661558
9661557
9679152
9679015
9676454
9661550
9661560
9679159
9679128
9679129
9679168
9679164
9679130
9679135
9679154
25208725
25208075
14580684
15623022
12910792
19775106
4593396
4558301
4593400
4994521
15214425
21591161
31418916
31420719
31359724
31360035
13503230
13557341
13503231
13503233
13503229
13557338
13557335
13503227
13557337
13503228
13557336
13503223
31311893
31310354
31293594
22228314
18974704
16138300
13230105
21032220
17256816
13115755
3959358
28375682
28241813
10629203
11122684
10766321
10766338
10766343
10766345
10766346
10766347
10766348
10766349
10766350
10766352
10766357
15768309
20903233
21006946
21178415
11945843
11946358
11946359
11946371
11946379
8934465
10629222
31313970
31315386
31316111
4587642
31449589
31453400
31458306
31465555
31465838
31466143
3070381
31504328
13650818
27478258
11845012
20461563
14235945
13799308
27477981
10197483
11260383
19083541
10694279
11458103
18102780
27477639
20175562
17279054
20175728
18178331
27282383
18708154
17404137
9251947
27477489
17931854
27477814
20237689
27478209
13589334
17586106
27477653
27477848
27478309
24465415
10226298
14117772
30231705
14916097
14916099
14916100
14917733
15054807
15646207
17779956
19907291
20007332
20007742
20008182
20155489
20186677
20355065
20356369
20409770
20409771
20409780
20409810
20409863
20409864
20409865
20409866
20410891
20410892
20410893
20410894
20410895
20410900
20410901
20410958
20410992
20419991
20419998
20420006
20420020
31135792
16062136
16062050
16062159
16062157
16062105
15903653
30304058
30301703
30279587
30279584
8685340
27210503
29554026
29584298
15706521
27457658
27459862
27459605
27335354
26509127
26234772
28060697
28060918
30097030
30094860
27482245
31181280
9800480
10206102
9800485
10226146
10278261
20401803
10226145
9801587
29422241
29871757
3870036
19670561
24145850
30449527
19603301
24643378
30846387
20124136
26745881
26742436
11260382
16652729
9843540
24308745
13650793
20123638
15603619
13801324
10243068
23777542
23961732
24004366
24214095
24239535
24332347
24465193
26149210
26649886
27145291
27145305
28278665
29351143
30052857
30123416
19385417
15602023
17276896
28428781
26180545
9462628
31347798
31191260
31190832
31189419
31188550
16987859
16988843
18027111
31169608
31190367
31187946
31514893
13699903
18401015
13477290
18111844
4982379
1426913
6061019
18117389
29558077
11213641
24452303
15257466
16382935
24968951
18111858
29422215
18401019
10137171
10115047
22699093
11045860
20488047
29689723
7536155
28427992
1900439
25364122
13699909
11252369
7561499
24462968
18401017
18111852
16480603
24900752
20652614
8895238
3477668
11302325
11260415
23255108
20177841
19899271
8319970
10876661
17011342
21315487
21249044
24917158
4558506
3830964
4505486
18194875
20177887
24002212
10137264
11252371
18111854
10211041
11299576
11213466
12338132
6052834
29422219
24763573
24441602
26658815
18294530
2126722
8319969
11339732
19899492
11570579
3314659
6052838
24146479
25501312
25312233
16375951
18941507
20177893
3870027
6096681
4361752
28612047
24442319
13699907
24145645
24883156
10388937
20794554
23298966
26513954
3870030
2024039
10566461
23665674
20224527
5307727
30748799
28585125
16542052
24001590
20793610
28115210
10695553
11252013
20793598
19517119
8335776
9507793
19019888
11213644
24881172
10225754
18883353
24084577
27562117
9972689
9237746
24815375
23677636
28300266
27050994
9843523
24915928
10568111
31033741
26936653
25360247
30479524
16542256
11458339
12338148
16375950
4852698
13037260
10045878
14001388
20093822
9843524
16542250
24258155
11213622
22862462
7763776
4567125
10114964
18760407
24925071
11531801
10137429
2200445
10115358
6096823
10230388
10876662
24214601
12566192
12566191
10230390
12566193
18824017
20177899
10138285
17011370
19276696
10629378
17208339
24517686
8383393
13639136
21710039
8319968
10566892
4274135
15414930
13354960
21020026
30112278
30336921
26809906
22782383
10724652
2909301
13487019
12588114
20177949
11788122
3311194
11213409
24146347
24534244
25867619
24460881
2241301
26210584
25521070
24570799
30568267
9843529
11213630
24084547
28428850
17275432
19767597
20170687
21117565
28455060
29131642
11301356
5004998
3613273
28115208
16776987
30246161
10695546
26645305
28638120
4362239
17720937
19105456
8154535
8319881
2415104
28457128
28971417
29982501
30253497
20793607
13115395
13129649
24571803
11947693
24250918
24423700
28264108
16547345
11337837
11458530
14249829
25502139
26188855
28455047
29105714
28302908
28429005
2681769
15645366
20880530
11458341
9662771
30388478
7763464
7764335
7868136
7868413
7924445
8345378
8383385
9155885
9161295
9628788
9843519
9843521
10159505
10163106
10230384
10363524
10436488
10510010
10510012
10510013
10566192
10695985
10763991
10764848
10764893
10764929
10766194
10823061
10876699
10876713
11156962
11183628
11213633
11260374
11260379
26149396
26149924
26150178
26157403
26158277
26187179
26234171
26236862
26451443
26464764
26464818
26644074
26664441
26668534
26675325
26697809
26700682
26721487
26729191
26738506
26767152
26802003
26820716
26849905
26875585
26876641
27027438
27031639
27032496
27033035
27033769
27035713
27038118
27046168
27046953
27048379
28177839
28205667
28252511
28253311
28262934
28264535
28265374
28272604
28273904
28314842
28324853
28361375
28379723
2613340
2613341
28418222
28486529
28584658
28804692
28813733
29029093
29032010
29033522
29036912
29038061
29038572
29043525
29054012
29311235
29323064
29323066
29323067
29323069
29323070
29323072
29323079
30490319
30540995
30588537
30604509
30670499
30670682
3598952
3613283
4558507
3610498
3598907
8382620
4635564
21248860
24515211
26464756
8319940
24570795
11213642
17011372
19275701
24913623
2711115
27534192
10682687
8444229
8528143
10042424
26741268
24510958
24508557
28962197
4567103
11213620
27111994
11973700
15492290
15492291
15567653
15567658
15602216
15618028
3598952
3613283
4558507
3610498
3598907
8382620
4635564
21248860
24515211
26464756
8319940
24570795
11213642
17011372
19275701
24913623
2711115
27534192
10682687
8444229
8528143
10042424
26741268
24510958
24508557
28962197
4567103
11213620
27111994
11973700
19270362
19270572
19353083
19353826
19354003
19511039
3598952
3613283
4558507
3610498
3598907
8382620
4635564
21248860
24515211
26464756
8319940
24570795
11213642
17011372
19275701
24913623
2711115
27534192
10682687
8444229
8528143
10042424
26741268
24510958
24508557
28962197
4567103
11213620
27111994
11973700
20393250
20393464
20393602
20462094
20472160
20760838
3598952
3613283
4558507
3610498
3598907
8382620
4635564
21248860
24515211
26464756
8319940
24570795
11213642
17011372
19275701
24913623
2711115
27534192
10682687
8444229
8528143
10042424
26741268
24510958
24508557
28962197
4567103
11213620
27111994
11973700
22839469
22839943
22841292
23036029
23084763
23207771
3598952
3613283
4558507
3610498
3598907
8382620
4635564
21248860
24515211
26464756
8319940
24570795
11213642
17011372
19275701
24913623
2711115
27534192
10682687
8444229
8528143
10042424
26741268
24510958
24508557
28962197
4567103
11213620
27111994
11973700
9677264
17741828
17719474
9663287
17721189
20155126
3598952
3613283
4558507
3610498
3598907
8382620
4635564
21248860
24515211
26464756
8319940
24570795
11213642
17011372
19275701
24913623
2711115
27534192
10682687
8444229
8528143
10042424
26741268
24510958
24508557
28962197
4567103
11213620
27111994
11973700
4558264
30822984
19101313
19104803
28824034
19104699
3598952
3613283
4558507
3610498
3598907
8382620
4635564
21248860
24515211
26464756
8319940
24570795
11213642
17011372
19275701
24913623
2711115
27534192
10682687
8444229
8528143
10042424
26741268
24510958
24508557
28962197
4567103
11213620
27111994
11973700
13639144
20785518
25589336
13486345
14001401
13543753
3598952
3613283
4558507
3610498
3598907
8382620
4635564
21248860
24515211
26464756
8319940
24570795
11213642
17011372
19275701
24913623
2711115
27534192
10682687
8444229
8528143
10042424
26741268
24510958
24508557
28962197
4567103
11213620
27111994
11973700
31360181
24146953
24146627
24147744
31357726
30968222
3598952
3613283
4558507
3610498
3598907
8382620
4635564
21248860
24515211
26464756
8319940
24570795
11213642
17011372
19275701
24913623
2711115
27534192
10682687
8444229
8528143
10042424
26741268
24510958
24508557
28962197
4567103
11213620
27111994
11973700
4567103
11213620
27111994
11973700
18401012
13699905
19614622
24571795
9843531
10137182
10230392
18760432
13477288
10230391
13477292
14648801
13477298
14648805
14648809
10436476
24385879
21114824
2136375
22929885
12405338
31163140
31162672
31162278
31244965
31284308
31386766
31400047
4877208
2136374
4877190
2109845
7049556
18464487
11400615
4679267
18203338
9721858
4698131
24918231
27613852
26938577
14422525
26944318
28046205
13801321
19448795
26343946
16018197
17934778
18284510
16019019
2738997
15485850
8368829
15962514
20122390
17600105
29389616
24430725
25766487
29063447
19788971
11157225
24423085
24444748
24444999
24446024
30371454
30371472
30371474
30371476
30382865
30382868
15567655
16541981
19788939
20186432
20680953
9317253
31155904
16018716
15155993
28141668
28142665
20101265
22076848
24166289
24166796
24176772
30352335
8740121
25247192
31156483
31141272
18401007
13477284
18111847
29422237
10342588
6052809
11400594
1426915
20061152
3613272
20177855
10566459
10342583
11260620
12078651
24507320
26143940
10999402
10509768
8595175
20651708
15189316
20487648
21005781
11260611
25491229
2336566
3659818
5016168
19962254
20652121
11788404
24938671
6052804
10136996
15614522
13283639
16541948
20124993
30089994
29371794
22963779
18100738
25862772
29822899
20170990
4558395
10763611
11156961
10436508
28612037
25018952
22098667
20917258
21117655
29422243
26451561
28511549
18894907
9843530
19172797
21100392
20794600
26809930
20793620
11260621
21109941
24645661
8335057
20058581
15429251
19843066
26418591
20225505
15246310
10185577
27804671
23901794
25773111
8542513
26191248
15156572
20177950
20759285
15214723
17297594
26296960
8383389
10756890
19843142
15261094
20238636
5016172
18248536
3615028
20177889
15156577
11866236
11335495
10629516
19996601
16760632
10763955
6371770
17300144
21578125
28455810
19211716
27715646
26643413
28395581
19421414
20035598
20327919
12405327
3311226
4679268
30371471
21323779
25018674
27716112
10763989
11260622
24082760
20006218
11788926
1426902
27250621
26809912
11156970
24689376
20058583
21099773
21109525
13081217
26191669
27188364
29930370
24266707
24377011
24377929
24906739
27052515
27544844
11183627
11260623
23852035
23962243
23991854
24083236
24084546
24109788
24145161
24158591
24258166
24258190
24258204
24358178
24383908
24457336
24459868
24460163
24484151
24485964
24813608
25018627
25018712
25182670
25455640
25475256
25547483
25616740
25652050
25769138
25769958
25771083
25771503
26065315
26079640
26084696
28008229
28015087
28264825
28314861
28316166
28316922
28326929
28459606
28511729
28511916
28782772
28783454
28896025
29008728
29012954
29020090
29021779
29040620
29043180
29053186
29198129
29198658
29358388
29364229
29365544
29365920
29366307
29366822
29368088
29368848
29370513
29371389
29372588
29373393
29373877
29374303
31009379
31011388
31013523
31013786
31014114
31090950
31092748
31118154
31123076
31124098
31125043
31127757
31127965
31129716
31135315
31135655
31136215
31139179
4406177
7027933
7048008
7048033
14468451
15999967
16107432
16107889
16287926
16410298
16542213
16542218
16542239
16542240
16542242
16920552
17062241
17646167
20019872
20020920
20022263
20022264
20024920
20028380
20035289
20035544
20035545
20041754
20058582
20058611
20058907
20122103
20122160
20176198
20177947
20187055
20227654
20278626
20312616
20313029
20313843
20450058
20498909
20679846
20759594
20763122
20763190
20783755
20804405
20848902
20904864
20915282
20928961
20931479
11649280
12156025
12331769
12338267
12664153
12668230
12878235
12878242
12878385
12878402
12976474
13096462
13283604
13336439
13416179
13481122
13487021
13487022
13504722
13504918
13505264
13505574
13506257
13538497
13962257
14294117
14319280
14321745
27340808
27341248
28511183
27752447
21322763
29977065
29024281
29976647
25049842
17911794
12693630
16242450
17222427
17395634
12668224
16703646
16973756
17873148
15667797
12664139
22846784
31152858
31152882
31152832
31051088
31051084
31051092
31051089
31043900
31043897
31043910
4558237
4558474
28512937
25018717
21681832
25795194
25018707
25018692
25782947
29715827
16062057
30936517
15903649
27281864
27191194
27189854
27190541
27188115
24473745
26526589
17483561
27277006
27191729
27280700
27277590
23301759
27277890
27187451
28666186
27279596
25758967
27279197
27281086
12162159
9240579
9721764
11335487
11335488
9242691
11335490
11335497
9462621
9462624
9462625
9462629
27839941
30095367
26359672
31444775
12405334
18223734
18760423
8096729
18760401
13477280
16242290
19250103
19251620
12405335
12405336
12405337
12410398
31168384
31168206
31164204
31163858
31163215
31162737
31162736
31156220
31140597
31188142
31175770
31175133
31311907
31312673
31400726
31404072
31405329
31449983
31450624
31454402
31454840
31459321
31479842
6063655
10119088
2681211
27638412
8306886
8364558
20795393
26265889
16542243
27168911
27637888
18188347
24930566
19827111
19974984
14238346
28582927
2681212
14521059
2024040
18188192
26950301
8368728
8382918
10162433
10162486
10162505
10211039
24332000
24444926
25630797
25870973
25871249
27604503
2555886
29039349
13477300
26837028
8382575
6096766
25491650
28666819
11260381
24899404
30490318
21173020
16514545
20876760
21281977
27331209
11158463
20930398
8306744
27331085
30265712
8306961
21119858
24894206
24506726
29395424
1426895
12157005
24542138
27881885
8748410
18189034
13801038
24546156
25567112
8154568
24467216
28397421
25247160
24425748
25305566
19843126
22060807
28222408
13426110
24284974
28656523
28656626
10629346
8383391
8383369
18189062
19843034
28486530
8154591
11260138
26745041
20488796
23072816
13285259
9729771
28234978
24286105
10876735
11157735
24466472
19788860
24457673
24456494
24452610
28112007
28287272
15498655
27110382
24506793
24736307
25306314
25540765
25546339
25596931
25872018
26261124
26451444
26451560
26548001
26739885
26740015
26743006
26745233
26754046
26802210
26803969
26804259
26857385
27173846
27401974
27402000
27402078
27402081
27402096
27402125
27402143
27402191
27403305
27605141
27635753
27639801
27715998
27966706
28114602
29205890
29206628
29206989
29210561
29210871
29211313
29212332
29212901
29213426
29313489
29339942
29346903
29347190
29347690
29349971
29350328
29350868
29351309
29377926
29378748
29380660
29384888
29385460
29386181
29386620
29388271
29388696
29393428
29393785
29394333
29394864
29397030
29397874
29398408
29398685
29399021
30963077
30963254
30963605
30964023
30979713
30986238
31055782
31115777
3831226
3831313
6052796
6644299
6644420
6647511
6647684
7236201
7236228
7236254
7236282
7236568
7236569
7236574
7236600
15496947
15567661
15631878
16086914
16093217
16093244
16093855
16102372
16109568
16116115
16142188
16142692
16151134
20720372
20720883
20721116
20721383
20723597
20724262
20724342
20724633
20724741
20724884
20725267
20725513
20725778
20726025
20726212
20726577
20749987
20753474
20758682
20774950
20779351
20806251
20859403
20859949
20860046
20860227
20860432
20860814
20860917
20860934
20861353
20928330
20929929
20930408
20931667
20932413
13309416
13309723
13504887
13801036
13832200
14143992
14433023
22009437
24456817
24463690
24464083
28222796
31138888
31191066
25207571
12878391
12338220
12588117
19355766
31170084
31170304
19907241
17241008
12935647
12934517
30479649
8368833
26175880
24650569
24529255
25432844
24469611
6154626
2897397
2904183
2911119
10756934
16767308
11260373
18566546
18566697
13251267
13252108
13252377
13252680
13252822
13253715
13254058
13254736
13254923
13356607
31172280
31171518
31171062
31169352
31169067
31168793
31168591
31174505
31173539
31172481
31453940
31455381
31455972
29871751
20987192
3598906
8306778
9239439
10274625
10138243
10342584
10138240
20264193
19451174
9608038
12038428
10136676
19450650
11947694
16108598
8368698
13639146
16542238
6096742
30503507
16178210
8368822
10138222
11599229
19836494
9721777
8383376
23733035
25306048
25502977
25645051
26235529
27546672
28011850
8306599
31348317
31472835
30801109
31340017
31406447
31159323
31172950
31404754
31478926
14887448
13619794
13619791
14887446
14801807
21059885
6055796
21380003
9136059
8986975
29680658
25052707
15297010
13328454
13574337
11458513
21379189
10009757
24350290
4982269
24803560
13460084
13460090
11301403
25336530
19969791
9136052
14887443
30670844
10451164
13460088
25337434
21135429
13619787
8990313
7062607
7062473
13619806
21306372
3076488
13543764
25012384
14801822
16848254
7230917
8306524
16542278
15156571
7230934
14887392
10137432
19834419
13460086
28583535
19834423
28583543
14801815
10006674
21250369
10230434
14887441
17887588
13327117
19141057
14846908
8449382
8989965
23907256
25340514
14887427
6207787
6442153
11339774
8306675
2687531
11340403
8314184
14801819
19347511
11340404
8274912
10127435
23554987
28583529
8314225
20899339
4982029
9136022
17091495
9843536
19260997
14631018
28583533
20899079
14801823
21306191
30314135
10136884
23369883
14801816
7062600
14801820
21305679
14887439
29713343
19679580
10230433
20794552
24347970
16626104
23544175
2021666
29925208
18090160
22949645
26057807
21305258
15156573
8306885
19492792
2687530
9136051
15298156
21513016
14801821
19763255
21513014
21513060
21062339
19247200
22943051
15304863
21513004
12878250
28583537
19760777
29208044
25254834
19493159
21252318
10006643
10230438
21305186
28583545
27995979
23322979
18442308
13871485
27307357
26252850
8993056
20657351
28583547
7234547
18729162
29680657
28583549
6596030
20835025
30313090
20021014
16421716
23282255
13229144
20434758
20773026
20722344
8306403
25548264
24450455
19775501
28268542
19492827
19493160
14231027
4036044
14631030
25809952
28267542
20012993
10568198
8318944
6452156
14801825
13228071
28987657
27892438
10695554
18182653
10274836
19788858
14887415
8504972
18935399
13113106
30685177
28599352
26436019
11250945
23450375
20795177
18953769
25385412
29740136
2021702
20095660
20095898
20096257
20094680
20093940
16854813
11458507
13256820
13801284
1472328
27889322
11458508
1472346
20462928
8319893
9239849
10274910
1509194
16266291
11402082
18958467
2336575
8314781
11402084
11458506
8314782
4700095
15258298
13255237
4287829
21002166
25230331
10565335
14631006
29286884
20021006
14801812
25057904
14631012
19247214
17887593
27769218
19860147
23734159
20021032
22594222
2927479
25343495
12668234
13230469
20021028
21499630
24607746
26433425
26433468
26434117
15156574
18511819
19762255
22950684
21062782
20021016
28424266
19763073
2021701
22077412
13229162
1426914
28653476
29713624
9239850
27976989
28980427
18464694
22501698
11865978
23904234
28295694
25056673
24607273
16266133
16266657
19994009
10509419
14378230
15214411
20435084
13328424
9843495
26031052
20436157
21513031
2021682
20213195
20201355
10566460
15214406
26695348
29284971
20773413
20834954
13328487
20377669
7717772
14801817
16360857
20721244
21271451
21587396
22077278
13328452
27266057
27983155
28584702
4193029
19820531
20032129
13230466
23879070
27888624
28269498
5323245
18161549
18182243
19788973
20434205
20444357
20021012
24379585
26691897
27887476
28008389
28110923
29465923
20834981
13284786
10629314
27886667
27889788
29471311
29510823
29901871
18465450
20327439
22532489
22532793
9843903
29467252
30707763
13814115
31232294
13543333
7572429
7614318
8190717
24603769
24604908
24668769
24750104
24816041
24857793
25056077
25097492
25098484
25165572
25174264
25202733
25205375
25212742
25254799
25402893
25402926
25402929
25402974
25402981
25403016
25448338
25529818
25598976
25599416
25760610
25797274
25857931
25893520
25893680
26030351
26032276
26036484
26038836
26040034
26040406
27638569
27728577
27744253
27884180
27886413
27887929
27889252
27890497
27895128
27936254
27966921
27991669
28008310
28008927
28009052
28011491
28012457
28012639
28012830
28013602
28065004
28109689
28256700
28266861
28281949
28286313
28300587
28338619
28347498
28584550
28621857
28622528
29064890
29065457
29105475
29110685
29848990
29901384
29902269
29911221
29911496
2757422
30254230
2762174
30302774
30426382
30432217
30558909
30595724
30604277
30604352
30683870
30683886
30704593
30707779
2804998
30959054
31040581
31040584
31040586
31040588
31050501
3920859
4066837
4193094
4891749
6707051
7062206
7062602
7062610
7062612
7062613
19260996
19273561
19363091
19492793
19493041
19493138
19493223
19620740
19622985
19623534
19623804
19624203
19624905
19656025
19694753
19754662
19754683
19760763
19760780
19760795
19760796
19760843
19760949
19761014
19761723
19761971
19762092
19762124
19762276
19762300
19762381
19762625
19762826
19763178
19763243
19763302
20289187
20307113
20307973
20368524
20434471
20435444
20445733
20445815
20449267
20449560
20490977
20680240
20680484
20697557
20722451
20732956
20733485
20795392
20802866
20826769
20834820
20896736
20896738
20896759
20896771
20896772
20909530
20944179
21009720
21070815
21257042
21357012
21357014
21357100
21358883
21358895
12492419
12587753
12587754
12587757
12587782
12664960
12668225
12668229
12693374
13230474
13233423
13234320
13234720
13252539
13252780
13253680
13254835
13254839
13256859
13256937
13328443
13328529
13328540
13720612
13814045
13814085
13814095
13814096
13814128
14172461
14203271
1472333
14359084
14379368
14379715
14442057
31040585
13814082
13813942
13814126
13814130
12587741
12587743
13814080
16464420
14046735
14046123
13814093
12592553
13115756
12587751
12494505
13814084
14045837
14045886
18044085
13814044
13814046
13814097
31065597
31065601
31065603
31065598
31065606
31065596
31065594
31065599
31065604
31065607
31065605
31065600
31065634
28965171
11947692
27905656
26828424
30918892
30918895
30918896
30918899
30918900
30918902
30918905
30918906
30918907
30921831
30918903
30918873
30918874
30918875
30918877
30918878
30918879
30918880
30918882
30918883
19762202
19762091
19762382
19761846
19762839
19763316
19763403
12768579
12587791
12494493
12494497
25806365
29298066
30279516
19774118
31437884
28580846
24421347
24427435
24429001
24421469
24419883
24423642
24432083
24430527
2157813
2126723
6060816
31409798
31413338
28580512
18959628
31449230
30939794
31307115
30940479
31354166
31448457
20405273
29601987
31469994
31316481
20409869
20279648
20975533
20377814
20435010
21356962
11302039
23853468
14863844
21327747
21248217
15661081
17016638
14887398
14887402
22982823
9844060
25235268
25352071
26028703
26254497
26256090
2506929
2511111
2511112
2518255
2523137
19492784
19492826
20472712
12336740
12336758
13327126
13328428
31160585
31152132
14358079
31227036
31227640
31256394
31307493
31308340
28611073
20021052
20021048
28611091
15214399
13943322
5274755
15214388
22879581
6371775
13927436
15156583
14471599
15156582
19367052
13475189
15214392
11250925
14099812
26382827
13947196
22879937
27210859
29858820
3476794
9526610
15214430
3807323
16151466
3808245
3807009
7596012
28611100
20020990
8005677
21330886
29398155
13285215
11329391
24571776
28249304
20872765
15214402
24571774
24600657
9661871
12310947
25155648
29395106
28611106
30045988
3807011
14127519
11250924
28611111
20020994
15156587
26363007
28203525
28284901
21330766
14459965
26365405
12994283
20020992
21331004
28611068
24331599
3929043
14186411
19774391
28201340
15214400
15214387
13946106
4259078
13939992
11282062
8654165
13543330
15258320
14891359
10639114
4174834
9092752
3807450
8319972
1521280
13944717
8618722
1472345
8254742
3096677
13476504
13476506
3808242
6263684
19474823
27207668
8875759
4114390
13331340
20027164
26757283
20021036
19457463
13048099
11250923
27719301
27725518
7868699
15214397
20460521
27302990
28265747
3806877
3929023
15214823
15258323
13835996
10994587
10387792
20461378
21681529
8449718
24938426
25196179
28282379
30300508
15256664
18179364
20874129
22883831
13476493
15214391
12747137
14966646
1516170
26344144
27938361
30065024
3808247
6645561
6826374
6707059
24571778
28611076
28611087
28611093
1516866
1516865
12482836
7710288
7710359
7710968
7711183
7711735
7712223
7712252
7712255
7759923
7760539
7848613
8106290
8106306
8106307
8117907
8117930
8254765
8269988
8383380
8654191
8877698
9498136
9498140
9498141
9498146
9498147
9498149
9498150
26366224
26418578
26454255
26516908
26575494
26759732
26916550
26960960
27379233
27461065
27462585
27463262
27470615
27471363
27471499
27471935
27473881
27475922
27605384
27893856
27900299
28012404
28089501
28089674
28089707
28202217
28272123
28274523
28278707
28278952
28286910
28316923
28320590
28321255
28394628
28403983
30683882
30683925
30706433
30707307
30750029
30751955
30752533
30753271
30755487
30783671
30960610
31040582
31066111
31099152
31104688
31129639
31129967
31130361
3485429
3594158
3807269
3807272
3807376
3807449
3808243
3808248
3814698
3831301
3834233
3834235
3834237
3929042
4114451
4114584
4114590
4193098
15214838
15258288
15258289
15258290
15258291
15258292
15258293
15258294
15258295
15349565
15349566
15349567
15349568
15349570
15349572
16540066
16541968
16541987
16609902
16622017
16622018
16622019
17672213
17817037
18180680
19180170
19193671
19449761
19493393
19494446
19500660
19505688
19506771
19540704
19541189
19541792
11850533
11924672
11924673
11924674
11924675
11924676
12310891
12479348
12479351
1300506
13086386
13197267
13234763
13234765
13282684
13476487
13476492
13476497
13476953
13477797
13502004
13536342
13587552
13776032
13776033
13776381
13776402
13776465
13776466
13779918
13781842
13781846
13903640
13930791
13930794
13930795
30440345
17486505
14529848
15214383
15214385
15214390
26413822
31306974
28138751
31152711
10639201
8685761
16526236
31415915
13639148
13639152
13639153
13574743
31416512
26378458
9462626
28754197
1516167
1516791
1516795
1516789
1516790
1516792
1516798
1516860
1516861
1516864
7845908
5015559
6124052
1516160
31406203
14796872
14796873
26406260
17064628
17880120
23066395
19603770
8894905
26033091
18109137
13916971
14142674
31152761
31200196
31173947
31209787
31273925
31274223
25152080
31368364
31099668
31100973
31393935
31407273
31407270
31407271
31407272
31407274
31417409
31419750
31420503
31421208
31422140
19076786
31427289
19651930
19651933
17195906
8306720
8307279
3830967
1472321
5262038
17342298
19851834
2052599
16913765
20680603
19307768
16891046
14442076
13543341
21542735
29053822
19843465
27210568
2021667
12950073
30762915
18299664
29052564
18299528
19493155
19853290
21542462
21542155
22850004
23369398
19228759
10255699
22632919
17338839
12950162
7810427
7814288
7891744
23900174
24046559
24046602
24046605
24046607
27207889
27210337
27210929
27211550
27624316
27724924
27885955
27895162
27895757
27897137
27899083
27966989
28204245
28270170
29090919
29097121
29247244
29247598
29260426
29378607
29380719
30560260
4186305
4186341
7428531
16388112
31065619
31065639
7886204
7779994
7780044
7249907
27210504
7249903
20644351
20644513
20644813
20644709
20462673
27516848
27516611
20012822
9124385
31352352
29264255
31235972
29264125
19205681
19205685
19651928
17887591
19651926
19492785
19493225
20965975
12331772
12331782
31152104
31393904
31449500
8274905
25250531
28582649
29054280
14490000
4829422
29053283
29055518
18180030
16448868
29966934
28012406
28012419
24297051
25250543
24814082
29386068
18007616
29384855
29055994
29551812
29055807
29382973
14489992
20873954
29055098
29381684
29266194
29388610
18179878
29554770
14653253
14442078
11250930
24564584
24565390
14625554
14653254
14653255
14653256
14755013
14755209
18181912
19350312
19502258
19503953
19827235
19827559
19901621
19978931
20000603
20873407
20933581
18098842
25250532
25250519
28413792
25250465
25250518
30479156
31228838
31228218
31228084
9838782
25250563
31410521
31228667
31406980
31227894
31228458
31184641
31176957
16338962
16338956
16338943
16338947
16338923
8554046
16338951
16338913
16338937
16338953
16338949
6452149
16338941
16338959
16338935
16338926
9661303
16338939
14442052
6452150
16338945
14442053
10568071
9632544
16338920
20158435
14442080
8314219
14246811
16338916
14442081
18725055
8364303
9662776
12588142
19852092
29536747
29811383
9632555
29688406
14744590
19798391
20930383
16464301
10230338
23813944
23814150
25756014
27882740
27883712
29544762
29552374
29605389
29848172
30732460
30748578
30904267
30905800
30960925
30977117
31039536
14468470
18183492
18183776
18294940
18295115
18295429
19788937
19788938
19819497
19821062
21120469
16114617
14627260
14627249
16114614
13639140
14627246
14627252
15403531
13906432
23225332
1901850
19656851
10451224
1901799
13283637
2703392
24256401
15400047
22991124
1901798
28963088
13882189
27944440
2519792
28757906
10311576
9465193
9465191
10822944
14491077
21690644
22991641
28757916
8368823
14202961
8986746
24602721
15999976
27485411
13906447
28478909
22991132
14506610
9498164
28413195
29790725
1901871
24871724
17714199
20227637
13543332
8934021
28274492
28344398
22991637
27944442
26484430
2488223
20141238
23532502
17230392
17297579
21518295
22991662
19710796
19811026
24304408
23270383
24544435
30279534
22076062
28757901
30014491
30019954
30021385
30255441
30257897
30295623
30354316
30354703
30562826
30563061
30602902
30603270
30603663
30765318
30961588
31048472
3145465
3145487
3145488
3145500
3145510
4955296
4955303
5263315
6146005
6519565
6544904
6546543
6873643
15214424
15407144
17437002
17672052
17714201
17714219
17772306
30574303
30620793
30619807
27458073
31508737
31464841
31465403
31464553
31472171
14627256
9578309
9578310
15214431
15214711
17120570
17121397
31399389
31407015
31407332
4877196
2136377
28757896
23366136
13917307
1901800
20141212
20141213
22735909
14226776
20293906
10451106
2740142
24545170
20733452
20161594
12908813
20162943
27490220
7718301
28735187
17694192
13485135
17714202
1335007
27031250
28279992
12588109
22067182
8307398
8368841
8526556
22066106
9632551
29443638
14102773
8119279
8803140
4877205
2136379
18042015
18042005
30107553
20227673
20227658
27354638
7596150
13801515
1901892
21151408
20679599
25256682
20140828
1901893
19066057
20140812
19065374
30570877
18410655
19350759
13049550
13087494
13155551
13155554
13163272
15214715
18042013
18042007
20141214
20141211
25554001
21512680
20642954
11335761
20643597
20643479
20830952
25553997
12878413
20831062
22064840
2251335
24506828
30355529
30629169
6146003
17831619
22074454
11817122
11818239
11818650
12931074
13800774
13800776
13800822
13432349
12668223
10099605
31406917
15214717
11817528
11818583
11818829
24419924
7574858
24032390
28360667
6611506
6615882
15661137
18699875
22623675
15167464
20661744
15167477
20661738
2424267
13588842
14152635
26320069
1901789
2891668
30263460
29871989
2347323
2844324
2321383
20661736
1901786
2844326
13843529
2800663
21021569
2891670
30263503
4996301
2352125
1335005
28628329
22654222
21003355
27949640
1901790
21020454
2352126
22994960
2352120
15348734
2344986
17912976
13282805
20289856
1300278
2347324
2251334
2344988
28364772
28286591
21269851
20788400
28855129
28268127
14609510
13326646
21019023
21019771
2891669
28430010
2347350
22596435
23923058
19480456
17553053
24007038
28266633
3145573
9018308
9498144
23414277
2253910
2347321
10451997
25477042
21457643
26444924
26445230
26445238
26672496
27003664
27209819
27468777
27548816
27759395
27956164
27956167
27956304
27956346
27973500
27992277
28266560
28268008
28292976
28344195
28608918
29023165
29023437
29328452
29352858
29353784
29452854
30263453
30505624
30506072
30506323
31011886
31012095
31061854
31121501
3831298
4109435
20726489
20726533
20807245
20866318
21016037
21020709
21021310
21366111
21519067
22622871
22926113
22992830
22993433
23030079
23030593
13233407
13282668
13283570
13326655
13906451
28479203
17552967
17553036
17552968
17506395
17506691
17553035
29340073
2891671
29612153
2347322
2344992
31449328
31454094
31452653
29603605
10946308
10993844
31451814
31452072
31454366
31454786
29611205
29607897
17696730
14499485
17696732
15916570
9469410
22481380
6615252
8979119
13173937
8624976
8979118
9427102
6784497
6204399
6784439
11996082
9024997
7260164
17833173
14499489
14185074
12006999
7253159
18461255
14893452
8979097
14892710
20350635
14499493
8979110
7253170
23922799
9427106
6204400
8246119
11181295
18461384
8002548
10325659
20349568
8979108
9469428
6204521
10876765
6204532
23918130
13486350
7253315
7260073
6204489
16051229
9469429
29920372
8247078
8979129
24917091
18461246
18461287
27491359
7260151
25418772
4852675
18461290
12949178
8979131
25013829
7253289
10828555
8979107
24442030
29730990
21408540
8979128
8979130
8979132
9527737
10579526
10628983
24444630
24575552
24659778
24802920
24803152
24803359
24804561
24806437
24806644
24807960
25005373
25010711
25867370
26559659
26773914
26782464
26785881
26786344
26787195
26820266
27299277
27527387
28477509
29920722
29921354
29925108
29926500
29927053
29927889
29929730
16788822
17064354
17337979
17358224
17360017
17466252
17558205
17667821
18461247
18461248
18461257
18461285
18461286
18461289
18461291
18461385
18461386
18461387
18516720
20349719
20352052
20393011
21179965
22611728
23226608
2188641
23581993
12331752
12331755
13331303
13503681
21408587
10363516
30246348
16786987
17487654
2176979
11252160
2888815
14185084
14499433
22650938
14918160
8885015
13166624
20873002
10230534
27974500
20288704
30039498
20827735
10390020
8364326
20288698
20288713
25034753
14918169
14918164
30451310
14918167
13086371
20288700
24333318
20288710
25426196
20860257
23635187
24805870
24805887
25588962
2888806
8383392
2190472
14499431
24350762
14499497
14499504
14499495
15917566
6204173
10451736
10936823
1853523
8016050
10451748
5281971
5320025
9632546
10451825
6311513
8016063
14499502
14000561
11011769
10451824
10451737
10451809
28427332
9963464
1620827
4109849
6204096
25060804
10941335
9677261
6204193
8554111
9632545
7421368
23972045
4187054
20451893
20451760
25768872
19196478
27184973
19114330
10941509
21264425
21409466
20737591
20860426
29718035
29716105
21406501
20737576
10342620
29197852
29725849
20737597
24382273
20288723
15155997
14918157
20827677
15214418
8121120
1504086
4187040
10031372
1218706
4187048
4109847
1504090
10342589
5306835
8306888
20737589
9161290
24449115
25007575
20737595
20450965
21120188
23060517
21407744
20872533
15214419
10936828
15214413
17156876
10451350
10451358
11248226
23965221
24427791
26443734
6784486
18826307
25464326
13381543
10941673
26852158
30466310
20860402
20974120
12338275
10342593
19217120
28842547
18462739
20096510
20451549
9063393
9063395
9063400
9063405
9063406
9161296
9161297
10436492
10876556
10876557
10876559
10876560
10936570
10936761
10936825
11011770
11011878
24657131
24708438
25006482
25045179
25062920
25098010
25409004
25416408
25593044
26332423
26336685
26337260
26338768
26340447
26429272
26444661
26772495
26815640
26819471
30366359
30367112
30370999
30372963
30374830
30376469
30378624
30393180
30433090
30436868
30437323
30438490
30457483
30457530
30465179
30496511
30497481
30499466
30504919
4186664
4494060
6285476
17157064
17466588
17537724
18222506
18462736
18462746
18469821
18512449
18700411
18701857
18703772
18706844
18848583
18867587
21258597
21656947
21656962
2019152
22904734
22992025
23059745
23060513
23060891
23141420
23141492
23228878
23407558
2193502
23584177
11299577
1218045
12338276
13800824
9677258
9677260
9677257
9662772
7843338
23410680
7842741
10045542
7867923
18827665
17832997
31162036
31159942
8305855
31159064
31175166
31161538
15153971
25644691
29789109
17714186
17714187
15610479
27802880
29147131
17714196
17644277
20002853
17644284
8885103
7488098
15590993
8591359
25492481
17644278
29425642
17644279
5320011
17644289
20395570
17644281
21416128
19881177
19907560
20078948
17714193
9427107
20090391
20092057
19908092
17644287
20414293
17714179
17644282
8979113
8979115
26338326
26752687
26781165
26819371
26872937
29962986
30274701
30279696
30279981
30292663
30293741
30294161
30377334
30689455
17644283
17714176
17714177
17714180
17714182
17714184
17714189
17714190
17714192
17714195
17714203
20076943
20077804
20079537
20079804
20081542
20081797
20082591
20085080
19495231
28589279
28589283
30462381
30462659
20296992
20298986
20302244
30616851
17696728
14185088
14185080
20288702
8553845
6207781
8016038
7062604
15214393
1527521
4740347
10936822
10006641
16745818
8005265
14000562
10452002
20391069
1901835
9813346
1625150
1901865
4450995
8364324
27187692
20263473
4982270
4508200
23760493
10451823
29059120
29297816
10936824
20451883
9156526
7421416
9161298
15258321
19133730
20259890
20265410
20265826
20972588
8005255
29171974
28589282
19871983
20451881
24064226
19905455
29173605
15214405
20902271
10876554
20260686
10876553
26446064
10436497
10876555
10989868
28303008
23818915
10451664
22992325
11266796
7843341
7867879
9006293
9025064
9025066
9063348
9063373
26426365
26427944
26448928
26781855
26782948
26783535
26826707
26965755
26970017
26973268
26975050
26975682
27000214
27000794
27001386
27001714
27002697
27003860
27005807
27008591
27187717
27525234
27543903
27890588
27891647
27892784
28302503
28425941
28427561
28589318
28589341
28779318
29170232
29173836
29886977
30372429
20451763
20451879
20451880
20451882
20860035
20860621
20904514
20954854
20955051
20955210
20955878
20955886
20956138
20972606
20976522
21269620
21269988
21270106
21270575
21270802
21271113
21271566
21271949
21272064
21657030
21657186
21703191
21703218
22610650
22992671
23060340
23583563
11302047
25442718
21416504
7842327
10537443
10533456
16280616
8594361
29740827
19900258
29740684
9987130
8151796
8151767
10042166
11206851
27128148
6669484
10042263
16364272
17679084
9987153
9987153
10019901
10019901
9987140
14468467
10342587
10055986
10055986
13018174
27705005
20159786
22905569
2042880
28918139
18172944
28911082
20157147
22904883
19351141
19900022
19962040
20957653
21127474
2042900
2045666
2045667
2045669
23149093
13961059
21127495
21127402
24805965
24803059
24802959
24805603
24802854
24802955
24802883
31366935
24806402
31482472
31482104
24804819
30661395
24805014
19898300
15565443
30334620
30334756
10533442
10533415
10533425
10533499
25143480
22990994
20294642
17878888
10533451
14590826
10533501
7327489
14590802
7524526
10533466
10533464
14590810
14590822
8187414
1903270
14590808
14590799
10533470
7477506
10533494
19750494
7539130
2804992
10629603
14590819
28667859
20645341
7481055
7723146
9582236
28667570
23742112
6611317
8187413
23553857
13164341
23908386
26758641
23903641
25876894
23553948
9127812
23553953
24383774
16357737
24389836
24388655
24414616
7490831
17356250
7539131
7435519
6611296
24603771
24603367
7573784
8187404
24463331
13037233
28255164
19519580
8172456
24384909
7723147
7477792
7490852
29593482
23878935
24198571
24343172
24345039
24345287
24360898
24361623
24364062
24365990
24382022
24386775
24388192
24388837
24389367
24429437
24469110
24470985
24472394
24805024
25066226
25066839
25068064
25071136
25190122
25200297
25213570
26029285
26959039
27574725
27801255
27802534
27806862
27808276
27810399
28050105
28413520
7123041
16280558
18096281
18223195
19074970
19211737
20647677
20651458
20655205
20656443
20656879
20918669
20920609
20920626
20920643
20920648
20922575
20927249
20927509
22321063
23095384
23141402
23148871
23366753
17714218
31045409
31141468
31066936
31142207
31142835
31141714
31160782
31142968
31142075
27817051
26731847
2157839
31402480
31409463
4877207
31522848
31522846
10533423
10533460
9038320
10537453
9038326
9582037
11339739
11212871
14590835
27680627
8594323
3831319
14590838
8151782
30932744
8594356
8894675
8223131
10918495
24364558
23553900
6645408
23289314
8877702
11213335
8594358
9879043
29735972
30017257
8151785
24367002
8594359
8877700
6449572
8151787
27548772
16359268
29738251
24386789
24363763
4286930
22591166
8594357
24379832
24425029
24546412
23928741
25586676
22593253
10266287
25586602
22597583
24353632
24365433
24367187
29738460
21412066
22587647
27275447
24368671
29021372
22593371
25787434
22587644
30164961
30577680
30577540
24356864
19215818
22596545
22587753
2800661
24506619
25585551
27960496
28038577
28050153
29145718
29145721
29145724
29145725
29145726
29145727
29275650
29275845
29697277
29710986
29711231
29712204
2740436
2740440
30165872
3477767
3831304
3831311
3831312
3831316
3831328
5316849
6094357
6094358
6094359
6094360
6152785
6370381
6437639
6449610
6479493
31426901
31427725
10533429
10533421
10533462
11229307
16363159
29739061
29236553
26025650
8594360
27028818
29740065
9022533
27405734
27131412
13380508
27000098
28311962
19200023
19215165
16367341
22592699
22591206
25010088
31182449
27000115
28907201
28936760
29693998
30748073
20010735
23283066
30814778
13380509
10537435
10533468
10533488
30225734
9582234
9582193
9582230
30417264
23899746
8594328
8594329
30165820
23880983
8877703
29273544
8594339
3837231
23891331
23553856
3831321
8003200
23910753
23889112
9463538
8594324
24383775
8594333
22590655
8594327
9514898
26176431
27092894
24334749
28260210
27091907
26727495
24357790
24358293
24360322
24361098
24361766
24376545
24379388
24384206
24548641
25065473
25237482
25246230
25247088
25497132
25499284
25504288
25815974
26177837
26178991
26181483
27983962
28933762
28935889
28939172
29274347
29274640
29693035
29699091
29709294
29713067
29713420
29713899
30830739
3831314
6479945
6784592
16017787
8127082
8894677
10624755
9062237
9062231
8894681
26095272
18140233
8151779
9060078
3984007
10032059
8151778
8127079
30148214
8654584
24849527
9062235
8151775
11033655
27480889
8127080
7961586
8127086
9582235
8894676
20804219
1446721
17105216
16922194
8894667
1446717
8127081
28002632
10031983
29446094
20787379
29847007
23874853
8151769
2902834
14442088
28062519
2387470
2177175
28263202
28003582
29849022
28263753
16943743
16922209
27773602
22239084
16925390
27999581
28000496
13485136
13485130
15813087
16937350
8127074
16942342
27998625
26581833
28004284
28002115
16932440
28003869
8151781
16676614
20245975
7961484
7961487
7961585
8151772
8706851
25189559
18145001
18146003
13485126
13485128
13485132
15972880
9173651
25592890
18148844
28004905
14442091
8096465
7926677
7942861
7942863
7958432
7959305
7961587
8005967
8005968
8005969
8005971
8005972
8005973
8006088
8006089
8027244
8095932
8096461
8096462
28412432
28750426
28751246
28751325
28953466
29348041
29600390
29804221
29852756
29867958
29893722
30003491
2745514
2745516
30208999
30211056
30695824
30765626
30766865
31054974
2888840
3830980
4031307
4326029
7114205
7263273
14642650
15044868
15044878
15046132
15183993
15469956
15972775
17616336
17625520
18146461
13800762
13800763
13800764
13800765
13801527
1446718
1446719
1446720
14442090
14442095
13639110
31184887
31184551
9660848
9660849
9660850
16937829
28063578
28001655
16943424
28001682
28001312
27998137
28000885
16917914
27997287
28000331
27999675
28063355
16920679
28065017
31037567
30920108
31037553
31037539
31037563
8096460
31037865
31043875
30642013
30472387
3600991
31140968
31164772
2825587
15813572
1611474
2257992
8894673
8099045
31528696
3598875
2888963
31424839
31426865
16438858
31523879
31526211
31527060
31527501
16616099
14481138
16616105
15917585
14005341
16817847
8799848
14481126
14481129
14481145
16818375
16817934
16616107
14481141
16616103
20443995
19275677
28381575
12944871
16818127
28580213
27907749
16616101
16818799
10566463
16821966
23549229
24662396
23290403
10566462
24661735
27759621
27759792
27759813
27759960
27759961
18069614
21385068
26464499
20843110
20957974
15582150
26458785
26335838
23899706
26075484
29324928
27261538
21691368
19501343
26459223
2570510
19405013
23899906
26334465
26461192
19164545
29324414
18209830
29893391
15202560
29323673
24545637
25907420
27262220
27272429
27754442
27755928
28014933
28533093
28533184
29326286
18069612
13478656
16422741
25071445
10267968
19325817
21383620
9156561
19164551
15222416
29878713
15214381
20958921
28358478
26459991
15214380
23899751
25073970
25026336
13444010
20835286
11036937
26816157
20644486
6157323
19196477
26467898
29509383
7867918
23920812
10436495
7853026
9156568
10267967
24492719
24492726
13441820
13443964
13443979
9632552
18069616
4877206
31493724
18069619
27438020
15197501
26344368
15041603
26455931
30041671
26456970
26455685
19806633
27340559
19806325
27439597
23540698
27436390
27341142
23899798
23538099
19718109
23079154
19998347
23079130
30021370
26344917
8269990
9025062
10936501
11248545
25106744
25908730
26152101
27434669
27436064
27438714
27440965
27441557
8027086
19661064
28312852
27867528
28313057
26466424
28536414
15577838
28313446
28536800
26465427
27868124
27867847
26466010
27867958
11406454
19163340
20466494
13285216
9737747
27867754
31292828
4982028
9317231
7924105
16435502
20221635
30062358
16936362
26343000
15249914
9317230
18507405
29966764
30061440
21108941
16437502
28511872
26330907
20765118
26331986
22845166
27547898
19289872
30297043
24253585
26704540
27550734
28447968
28455908
28456222
28475098
28475196
28475411
28477551
28477648
28477738
28744923
28427342
29488560
6207838
27815127
21384556
30937530
25960444
15587439
30938871
15222472
27542664
20958428
29943675
19036986
20953031
25892322
10027657
26075414
15576075
26163521
23518388
18922903
19077917
27934500
10030563
30941494
18948294
18947834
29734935
27541095
25960168
19037563
15208934
18922814
20843422
30549448
19993902
20957214
23579846
26163994
26348040
27543901
27545333
18251774
26673719
27543569
27823625
19401809
18350756
13284791
28536948
21385176
18247363
28874159
30215823
25900643
26163519
27549229
30012142
20000164
21261171
27546232
28012359
28431343
30115213
15561070
20000149
20000154
18247482
18350648
27259045
11011208
25960410
26240553
26457979
26671602
26686597
27163193
27541034
27547981
27826003
27932419
28533108
28876909
29604727
29943124
29946671
29947218
30046365
30047631
30048002
30049164
15214192
15611333
17437035
18195414
18678683
18678937
18679075
18679217
18679264
18679374
18679538
18679597
18680599
18943708
19036719
19038702
20266054
20273384
20814606
20814624
20814633
20842805
20843201
20958270
20958908
21384701
21384768
21384904
21385271
22846091
22849262
22849968
22850831
22852149
22852242
23079080
23085920
23086171
23148928
23149076
23510863
23518159
23538142
23538986
23539510
23539815
23540280
23540410
23540880
23541098
23544859
11311881
31481563
31514629
27451697
26940295
26938362
28418691
29788672
22261671
25667407
18272948
27267861
28583614
28582225
23729337
23899804
27263119
28418391
28418862
28419171
28434301
28434410
28583117
29105828
18273224
18273578
18943258
18965579
18966852
20685148
20755409
20755663
20727307
29285212
20751054
31087633
31088617
18958648
19334902
19767197
20377420
20685500
20706830
20725782
20726856
20733867
20751996
20753363
20754057
20755200
20760847
14481108
14481111
14481105
15917242
26083666
14609316
26083240
26095992
13173960
26096952
9317237
17338661
9317234
26083269
28759537
17488494
16045927
26097430
18120047
28767905
17490983
26096474
19205767
8554136
17473229
26096541
16616111
26096518
28764734
17611877
17488526
14562776
28763893
18831001
9317220
28763313
29390951
27193069
28384588
21164684
29397735
29397958
27469285
27423419
28655095
27835645
28385286
29106801
27844225
26094975
29405125
29392379
29405499
29395065
29558520
29393000
18183226
14481117
29107278
29107064
17476616
9317245
13506317
14661716
9317238
9317233
14522911
9317227
18120796
28454127
28761010
14536414
27470418
18945498
29393840
20050893
23900942
23901076
27471943
27473271
27497619
27498257
27784253
27787441
27787785
27839020
27842823
27845551
27921375
27926053
28553448
29390074
29395721
29396534
29404879
29405373
29405616
29471366
29515845
29535843
29558198
29777297
29797455
29800687
29802107
29804241
29810885
30018410
15771323
28385704
13155533
19369825
14481095
14481115
14481101
30055345
19205349
19211696
14481123
20227084
19761558
20230666
14481098
20166421
18187630
18945678
19272945
19272946
19272948
19272949
20231088
31165831
31411247
17987243
