10157776
72354
91745
3832083
29954482
2714057
11330728
19681947
7485996
73903
10358789
1314036
11263647
23758604
11227241
16542514
10860173
19808090
11886820
12691023
8538083
12399108
16542515
7462516
10782853
968096
19809123
11146518
10717460
10840581
25528384
14485818
23800269
18371313
3005015
6457014
26612935
20859378
12819882
29843381
20859380
29162557
30576667
10946153
30858286
29926681
28695884
26945822
26428400
26229713
27488253
8104290
8382921
29929678
8383348
27457265
29292535
9058538
27003956
2015836
968114
23822934
9687324
10687440
2770719
6457012
2770718
6070125
10687441
11888237
2769127
19810108
10946152
27233381
29244818
19542566
21849512
12780183
26067504
24940961
8694894
10848549
25806362
28728994
28394841
12989799
28756851
10840585
28134936
28982478
28761375
15029147
18371315
11357704
22978597
11288519
10687442
28395687
23405805
29850993
30425911
3060764
24967248
28003871
28395698
9059127
9059154
10724743
9059128
9059130
9059140
9059160
9059165
9153673
9153676
9797644
9797646
9901297
10107288
10107341
10147672
10278246
10588847
10588848
10588849
10588850
10588851
10588852
10588853
10588855
10588856
10588857
10588902
10608441
10648088
10648734
10648745
10649590
10687456
10717456
10717457
10717459
10717461
10717467
25599221
25599701
25771747
25796119
25800784
25803074
25811154
25813911
25814417
25817173
25956876
25957276
25957423
25957815
26158348
26281558
26291798
26388084
26388158
26429157
26448729
26464300
26614172
26814299
26818049
26819085
26822134
26828434
26911870
26975694
27187570
27233527
27493253
27641981
27644758
27644823
28687718
28690872
28692741
28694970
28765681
28770401
28775380
28776961
28785002
28785003
28789690
28824478
28824793
28825861
28845499
28927499
28928007
28928448
28965955
28994668
29109263
29156709
29158668
29160069
29160571
29162621
29163430
29164002
29176530
29176531
29177063
29178275
29187460
29187987
29188301
29189285
29319281
29328203
29329305
29329392
29330587
29331076
29343820
29356280
29367128
29368082
29369290
29374435
29376100
29378631
29383739
29403935
29426165
29435144
29439527
29440960
29448373
29454154
29456907
29459113
29460034
29468367
29477252
29477670
29486509
29632413
29632686
29633425
29637417
29858579
29924688
29927631
15573614
15573616
15573617
15573618
15573619
15573620
15961216
15962647
15962845
15962869
15963062
15967331
16206651
16206691
16206889
16500606
16500607
16500668
16500671
16500703
16550558
16577159
16588929
16700056
16758053
16797443
16831676
16856555
16909369
16922512
16943196
17097110
17334341
17455565
17698614
17779566
23445167
23445739
23448468
23452830
23459660
23474438
23492277
11292313
11341752
11366803
11376777
11382941
11382953
11384468
11411550
11412478
11412494
11562908
11945492
11963194
12085259
12207067
12314318
12314343
12314835
12315367
12443894
12569519
12691068
12780837
12781495
12809567
12902155
12902156
12902157
12989803
13507227
13507245
13507472
13511309
13561231
13590760
13821259
13943598
29451125
29404224
14304778
28035468
7798186
29334467
29330689
31158971
29441928
31163196
31131939
31130509
31129340
31126608
31132804
31133312
31133632
31133773
16577161
16577166
29358423
28833099
13821552
13823410
13823399
18127431
29487353
29488296
30844314
7866456
7868304
7852243
7866874
7866402
7868930
7865084
7869626
7866487
7866602
7866439
29475744
29462574
29461498
29382311
1842686
7868144
11509059
7867145
30397383
12952123
10649607
14480998
14463540
28614820
31277653
9464082
10095384
28278935
10295382
29164032
29162017
30808100
29059882
31271619
29104723
29157610
29159249
29187961
29188206
29243853
29253793
29405643
2980340
2998923
2998952
3060761
3060782
3145251
4208764
6108542
6108543
16732623
17589433
19681199
21247099
2015833
2023166
2023167
2023170
2124721
2124736
2124755
2124951
2124952
2124953
2124954
2124955
2124956
12315509
12582237
17884934
6351210
7998093
7998089
6640747
6703819
1229882
17884937
7998107
9337613
8791245
9339035
4966150
8685902
17884922
9789700
6351218
7998091
9338823
29793234
6351208
17884948
1229881
9787327
7998081
8591199
10791668
10789343
8591197
17884905
1229887
8005040
8189405
1229879
6351220
10791632
6703975
1229886
6703831
30693302
10791658
7998083
10791646
27840848
27380117
17884903
6772193
10555966
13212140
10834115
6785310
30154165
7123930
27005415
8591189
29093103
17884928
7216353
19872489
27863406
26345709
30154163
8376903
29183062
10649676
29799266
27957568
29600476
6874503
28796373
30320378
30018973
6488703
7046647
12020265
6704028
17788308
10608391
21408916
6853957
10555965
10687460
26551269
27864647
26763846
30156051
26472919
6785266
12020246
23751704
6703773
6703850
27865381
6772120
7217513
26472000
10789063
29212006
6772080
12020270
11357704
3832715
29414741
10094017
29185973
29213994
7210212
6804588
10002128
27785911
28807163
18110272
10687459
24925971
25892456
28645767
28933152
7046653
7113324
10555908
7216389
8889408
28306397
28807467
7146415
13484382
6703849
6704030
6704008
30012554
6703825
21251037
26738333
26748548
7570422
7588144
10079345
10094018
10094019
10555909
10555970
10608394
10608396
10648752
29667694
30015927
30154161
30154162
30154164
30253353
30253442
30253472
30279040
30279075
30279129
30279193
30414423
30474599
30698876
30718580
30793934
30881233
30881428
30882034
3059369
3071548
4329639
6488704
6703824
6785308
6862296
6862730
6862796
6862801
6862820
6912627
7020220
7025591
7025778
7026020
6703821
6875331
3074125
7025775
7112177
7216400
6704002
6703822
6704014
7383882
6703832
6912619
6703826
28635137
31337038
31338520
31458745
17884950
8005038
3241619
10791634
7998105
17884940
3241620
28794715
29182848
9529965
7998103
17884918
6351212
10791656
8591193
8591185
10834127
75131
1097223
8376901
1097215
7433225
10748680
10748697
7433228
7433120
10748715
6704034
10748688
10748699
8376897
7438956
7438976
3241621
17884900
13047532
17884898
1097217
10748734
10748710
7433128
10748670
7433110
7433116
7433112
7433114
7112179
2394449
7433108
10748684
10748702
10748705
10748712
10748724
10748726
4966150
8189405
27841551
30670276
4759335
14145516
21263984
14266666
9679211
4887313
3319896
3057467
3074110
28116545
8694926
17607843
28360663
5281873
7777932
8694890
8694899
8814650
9310151
9747764
9747765
9797696
10409862
27834139
28359988
29406546
30168341
30168628
30699193
17996220
18102512
19284130
1562523
67405
1101682
28958843
17664574
20200212
4146014
9663666
7593128
8126583
10557737
976889
1948240
2853608
18724560
8739967
7114501
12902171
28659123
18946199
18890024
6161211
21679014
10206148
20913437
19429104
7583559
12296859
17612241
3814296
7593122
13559736
8814858
29037346
25153848
1407936
2142966
8580137
26305597
29778773
8739965
25118304
9464222
28601655
30400874
26184124
13533279
13644177
988460
1727920
11563606
10206015
20905551
13068917
20327908
26954436
2849589
8618904
3816523
23734263
10487215
23913179
6278114
1961051
23557845
25108193
29646020
24418471
23332901
7293001
22734652
30133450
2142971
26984211
21303609
11094173
24518366
1315530
10557432
20646121
11843961
13318999
97244
11513713
8958487
9755901
17994525
3929323
14402742
19670327
8461048
14069841
10182615
20645682
9658537
6972557
27708589
10267555
17993422
14613645
2060395
17960973
25018400
7153133
9066241
9235161
2833671
8618907
30355561
14500475
20645293
26977119
21013865
26456935
12398922
14130064
11411280
18537839
25114747
26805101
3060784
15015378
19581818
10791054
18354281
22846370
24646576
15246720
28944273
29842179
20194926
20733483
21143947
24517565
21171400
12142170
2376644
16500631
10205922
9059125
2747192
30207792
18484489
12562784
2034453
19670318
19670320
10309641
16500672
17749897
18537857
12142219
2142968
18538809
9666659
28503793
13465302
8719851
7570555
7839614
7923077
8022180
8104269
8104281
8226575
8334400
8468773
8505737
8694866
8694869
8694871
8695372
8985208
9059135
9153671
9153672
9158651
9159676
9159722
9159735
24448558
24492051
24530415
24651731
24689760
24714144
24852772
24864346
25106746
25108893
25116316
25118496
25144185
25351010
25791324
25815145
25857392
25880022
25915096
26097997
2428506
26262285
26279030
26332735
26365821
26366011
26652057
2474647
2482301
27156089
27295320
27323353
27708118
27851883
27871960
27893089
29512041
29517040
29519182
29520068
29541591
29742683
29795800
29839983
29869994
29871017
30036256
30037594
30246693
30297076
30304294
30308317
30308348
30308507
30355850
30370825
30451201
30517259
30544488
30545606
30574049
30574549
30666431
30685845
30689040
30734577
30735040
30738636
30740434
30846515
30887511
30917150
16878152
16878424
16878808
16878998
17208248
17401843
17433190
17574383
17612406
17891197
17908517
18000515
18005868
18064904
18222692
18231233
18304632
18354103
18374889
18510999
18727569
18843176
18845329
18848568
19045404
19048651
19049013
19049490
19049915
19083366
19143522
19144148
19144266
19149541
19149692
19256295
21210904
21457812
21457852
21457854
21457872
21457874
21457884
21493839
21513917
21527299
21561059
21566206
21566214
21591025
21592112
21660228
21701826
21850441
22097089
22100219
22105478
22107347
2085969
22562919
22593699
22594605
22613144
22636630
22883597
23044071
23096478
23326003
23336182
23419063
23462814
23482201
13112354
13289476
13352771
13591394
13592206
13619764
13645808
13883510
13883813
13885256
13888657
13944122
14106906
14123882
14200286
14401558
14410811
20396469
14315834
21403044
17612547
20959742
19675138
25110248
19019930
26765427
26773013
27520327
27519613
26773072
26823280
26157356
26157413
26229365
26233073
26752999
17632421
30429811
2474649
4922752
11263989
11252959
24852792
21527304
30279716
28864462
26084271
10205920
10206152
10409930
10409951
24813457
10649628
24766130
28797082
25335884
30135510
29770518
6901704
8984680
7774187
14714040
2276160
29153029
28796470
11298820
9755997
4133714
20915481
28948273
29245393
30442145
14714040
2276160
29153029
28796470
11298820
9755997
4133714
20915481
28948273
29245393
30442145
10369319
16327505
108102
2379917
2379930
21498177
9516944
7566235
7293007
2138021
1316997
11128463
988461
2592758
3972682
7886200
1791827
1791825
10267553
2714172
7845933
25154320
4324095
8651362
1206728
11253157
24812354
24823946
25241352
2428502
30682084
2833669
4259859
14516091
16057254
20715142
1965490
2042084
2060421
23044004
11325574
11508308
13067128
16434558
27518369
31332134
31332868
27827429
2060396
31455517
31491155
6970560
31473904
31487326
31489315
31488304
963686
4675836
9414907
7007547
9901311
9921446
8302030
19495224
13561063
20911211
16925425
2394599
3814295
7593138
1960919
13557990
29299071
11291561
8149977
11341531
30066813
8814891
2085973
13976071
2394598
10113414
9784020
6660590
9753595
9724373
2394602
26643446
17539721
13558121
27471905
7007544
11551896
20931849
17766830
13510390
13085350
16448017
2714165
27349919
27350197
27350220
24464565
30065762
28205067
27543589
27544389
25598964
4987437
6660606
27989553
14076214
15868219
7254284
1965502
29865839
11191197
12350161
17895283
12415536
4696411
28597346
6705965
13829938
4887282
13970631
14923152
25012125
19247526
10608353
10604392
6761029
9979746
17599747
20429980
11051983
2394953
17961094
21667335
15867655
2832081
15866923
8302054
15868772
7301756
17599749
2836241
8814874
8899979
6901741
20884294
2858812
3212222
12691010
9822796
8150069
9164615
15869317
9235366
9598216
2836199
2832615
6260803
2807014
28929710
30178644
4425121
15205358
20458704
24925450
12143211
27863311
29094559
8500904
12304773
26179740
30066114
30066314
26176893
2082500
25199900
25899961
18728978
27350189
20956527
10557753
6660564
18537854
27195587
19945250
3816516
24882343
25303541
7798196
7889867
7931149
8104577
8104582
8150814
8211491
10828189
10828198
10828204
10828211
10828215
10828219
10828224
10828226
10828469
10828480
10828508
10828525
10861453
10870319
11146651
11146664
11146673
11264094
23797350
23897461
24363078
24609480
24657832
24856879
24895624
24914442
25113972
25116881
25154405
25154850
25155603
25221144
25239673
25631173
25864824
26158197
28880291
28885355
28887605
29095598
29153315
29156756
29159945
29208051
29256064
29293127
29293420
29517906
29795336
29800213
2746615
30114289
30270085
30307545
30371740
30547832
30731693
30850976
31128310
2853576
2853584
2853585
3431731
4133880
4222605
4759101
5301495
6075071
6123285
6189644
6189656
6572750
17575489
17575495
1727923
1728838
1728839
17662443
17699649
17758152
17766513
17767277
17767651
17767948
17771661
18002852
18353210
18373739
18899585
18928168
18957632
19008622
19022665
19044418
19044905
19045637
19046142
19278725
19600847
19693998
19776367
19927847
19931045
19982338
20023802
20160694
20161345
20162448
23552955
11289977
11291254
11324974
11411242
11414203
11509617
11557458
11562516
11663983
11931067
11931092
12022029
12135627
12144077
12144078
12292416
12314286
12426549
12617785
12617838
1315514
12902311
12915471
12972691
13077317
13085355
13251152
13520158
13557989
13590384
13606631
13693032
13777935
13778552
13938962
12311007
12310999
26421145
26423563
18044527
2003979
7258650
9822704
26417161
30355902
27440865
19167681
27839482
26471943
26470228
26471352
22728900
8333389
24652485
10788766
10789133
10789139
24655348
31381003
9159874
7777813
19009379
8625068
22217034
29748942
29743701
10226346
14083341
16304611
14498298
25302386
10409900
31221722
30892196
31229168
25127536
30720145
30505287
29106920
29107941
24656070
18135275
12495277
12679716
21507932
17961648
17897473
25199239
1462976
2138019
10966814
1791828
988741
4826742
25153840
6092333
1589725
4099568
27194491
4675927
21205912
9684101
1016362
14219861
14219849
14521508
1043792
22227813
2276111
2276367
31468732
13088441
8302051
30598504
963685
1623271
1960915
7007488
14083272
4082575
13057337
17318051
14923169
23754730
13560210
20419375
1965532
22739410
9755902
16003964
19297990
10461777
12310993
10492597
9727467
1462627
15654631
15999343
18706893
14934130
9822799
10555210
6627363
17848564
15193121
26156999
7922920
21711627
30010988
11414812
30066434
26106990
10557754
6361561
8651691
26365446
11411265
21497647
18848407
8614774
10608429
10226381
6627592
11643503
24427892
28270307
23535778
14402730
26153610
30065535
30065179
21401648
23913191
29242814
9537541
6768566
26980659
26982027
9234600
10433118
10557749
10966765
15933052
12359325
2376634
10309636
25876436
25915855
26193248
26767347
26907958
27558517
27611710
27918820
27939259
27980575
28874303
28881712
28884925
28905812
28998843
29074183
29093753
29094104
29473274
29519259
29794173
29899184
30019392
30208598
30313164
30355834
30465273
30545579
30576403
30667888
30674243
30735525
30875382
31085670
4605448
4712089
20204058
20307307
20396478
20458848
20781662
20781731
20927460
21002517
21002743
21347832
21361182
21494131
21494165
21494293
21494428
21513912
21516043
21569071
21588979
22562876
22599960
22606121
22659227
22660117
22707727
22767046
22769758
11324971
11411228
11412143
11414819
11640286
11663976
11946563
12144075
12144076
12904630
12400622
10790906
11373158
11664059
13542525
13542536
12162259
7249152
9822658
30585088
27834961
11357288
7931120
29744412
10226331
29097910
10859122
17212873
31229169
31229171
31490835
10717450
28780756
30259079
11323134
22974987
31174131
27680023
12415304
8409091
2761365
6437997
6535676
1556348
1992782
2644159
18781907
7590318
25153842
4082518
8814885
8149778
26471712
28658987
14934126
10409957
11291558
9607226
14933947
7923044
28664513
7211037
25155464
28448474
13558080
15193119
22739385
17847102
14402729
9755903
2394540
29254147
3975386
14083297
19670332
18930481
14321961
11563732
20992260
29610889
10860175
28205251
15863230
4133671
4173041
15205382
17754769
10848571
9870746
10918320
27840414
26355348
16111750
25318627
12673345
29544751
19582495
22356415
11291221
12022711
28466590
11551237
25812467
13318079
15654416
24928486
14316307
29341108
21062179
10226372
23913194
19807907
8104578
28616348
17539533
20194513
20149548
25127604
25221121
25768672
25878046
25903954
25911111
26155297
26230453
26242365
26243017
26264810
2474644
26867431
27610912
27611189
27611792
27854296
27861918
27919721
28089599
28426369
28678449
28818543
28860666
28964746
29144705
29258690
29299200
29514149
29515564
29856054
30051189
30216456
30234977
30245984
30306931
20976121
1970021
21157856
21209382
21281532
21306926
21337179
21339122
21345484
21425030
21517345
22357057
22562863
22591125
22601797
22607120
22645081
22775742
23082039
23368530
23570771
11306889
11640139
12021722
12292384
12617781
12684665
1315515
13507685
13518287
13824163
14083734
14083736
14161544
4133670
4133672
20989222
31403757
30829294
28640355
14810524
31310568
31229172
27985380
27984366
25127585
31229167
29107357
28447707
30893571
27641386
27641568
20281006
3449515
14590811
14312370
11164435
8337098
24831775
24834042
26419220
27894944
20713403
22975211
23414095
31158734
26789181
31223909
20458378
31245507
31452689
10557747
10966773
7050091
7025678
8180225
23037445
2746618
11843827
17283171
15818863
22880946
28438207
9484608
2714168
22094122
2746620
15824623
9066243
16110203
7025677
2124753
28797963
23028592
23922532
15940398
28438943
18892893
14099968
21403290
8814644
10861439
24757091
24854646
25879885
26841833
26908128
20714867
6626489
6626248
31422882
12359319
25153846
12359317
13944157
17907733
26448558
17574784
18927051
20355706
23611601
20911490
14525209
17396570
10206109
20912052
7234770
26970410
26735431
8985208
10409998
10828167
11225402
24447893
24455348
24827586
25030837
2474647
27355980
30307238
17997150
18006396
20206978
21202564
22975568
11308391
11562930
1150905
7593134
1381803
8580980
3315448
13077318
1965532
27724357
15792083
11440089
10461784
26697811
10861515
11291564
7219944
11289728
21505188
16531514
21493860
21498556
6648818
9537975
28887461
23141377
8500506
16004149
21317004
16003763
6627737
22083867
21660883
12098548
22636778
2474655
16888830
8149978
27346520
27679423
27847018
28097662
28612048
28779808
28864802
28887297
28941924
28955008
29866866
29870378
30194631
30355573
30387632
4629954
6345820
7271824
14615317
14802188
17413703
17415781
17942961
17960457
18159771
18353276
18354141
18362082
18487509
18824900
20200093
20293513
20883439
21046926
21283900
21497235
17278012
10608348
25156093
28787327
9464210
7537150
10157894
4966166
6801781
1468549
2761353
7025732
1206712
10205287
4675817
10433366
7759399
4099573
3885516
6535680
29289016
4889265
14803738
19552535
2082502
13069447
13626004
26103403
31359785
31434389
10557730
27087527
29849774
8814845
21402963
25588532
28565737
27903800
26439158
17995278
27825713
9822444
25818264
14924212
13642804
29620811
20781236
7889866
25808842
14460053
31204195
8619230
8695372
9159734
10051325
24012843
24050579
24051339
25156116
25427916
25788730
25808791
25819955
25908145
26085053
26849190
29802851
10028451
2998945
22999611
12426548
6457028
6457024
6457020
6457018
22849612
24624738
11146485
23925040
29844973
26972463
30707663
11172025
29296830
7946295
29678348
15243287
13543298
22840213
23037243
6457022
6457026
17603611
27483422
26619117
23931340
11362625
29286652
6361510
27273343
27480536
27482301
10409888
10439771
10861466
23840156
29520807
29649766
29713273
30227230
30272324
30496858
30573889
31063710
31065909
17699498
18398911
18768951
19482335
22923915
12617784
25146691
23118752
22840249
22846041
22850574
26972221
26970775
11373932
27481519
27483957
27483423
27484262
27481386
27481725
27481205
27482332
27481734
27484725
27481598
27484332
27482915
1462629
27479281
13090942
11146506
12037308
13092512
23027379
11146485
24863970
23921694
23932041
8150644
29383540
11172025
14810635
29388171
21379600
30013460
22067832
16174567
15246719
14402702
8814884
26077001
4874503
6254750
6096345
24865223
20997862
21519404
28439929
8150728
11362625
22637905
9153674
13318997
19063732
31204005
24863653
24866235
30546361
17353652
11373932
25145400
29841511
14098300
25156104
22091169
31139849
28443531
14650533
1314030
16327507
3972681
2042070
16327511
13308713
9496940
10861518
11253149
1960936
7007536
17749925
10966806
8180222
8814883
15350964
1965491
12040791
7246845
12307658
4133669
11351599
13095647
30598744
20908412
24490541
8618904
17476098
24852812
10409903
23412100
21150269
30471129
19541985
28276870
26729454
27608258
2015604
2752734
9158830
23885651
6761169
6969897
8150807
9419913
2482301
27871863
27891069
27891620
27935618
27986211
28071475
28742609
28848471
28855796
29161868
29216042
29517591
29780254
30230166
30243536
30309893
30598635
30598870
30598951
30763935
31117497
31123811
7536598
15216602
16456404
17936399
17961383
17998776
18003479
18202435
18372808
20098879
20165373
20204211
21147381
10226347
13101055
17216673
12167718
17230694
17374304
17222639
30598417
11323140
22088347
8651362
10205285
11253147
2276108
16280442
23417593
11325574
12036916
12087159
31293050
8302026
1462972
7007498
1961039
7565222
9297437
17574427
3978320
8814875
29266084
17574426
13561229
8346293
21507656
8476365
10184947
21149535
10206320
24401547
13821284
30279665
18536526
14577895
22608285
2783705
2394558
14083287
9464074
11291562
8150662
8150736
26733989
26355379
29342114
26789490
19604176
26734727
28885990
28996225
29088806
29221347
29424123
29744097
29803323
30326314
30355242
30394487
30520690
4629991
4966172
6572728
6861828
7274806
7479489
7537209
14516849
14615325
16630011
16874377
18372703
18818648
18924261
19261355
19880727
20055092
20199567
20962706
21016275
21233095
21291433
21305751
21345000
21515896
14400808
10307009
7798298
28010837
10409911
10205926
17244301
20868732
14615745
9614968
11507847
22974746
27981097
26982717
991099
7050028
1284615
11934473
14219867
2004817
5270143
2276164
24807736
25239812
4259861
18881687
22861109
26440012
31413369
8215013
31470529
10966783
15243270
27411716
29818090
26374465
25557865
29244537
30546997
17699208
17699235
19254017
19481063
12134843
10609452
31125044
31119389
31307840
30494124
11374047
1873394
988462
1948239
3212014
10410415
2379918
2379919
988463
2142965
2230712
9901312
9338340
7593036
17613831
18502248
9387704
7016641
29205513
9990792
8651715
1961037
19232564
10487147
23740578
1462941
8976540
1012045
8150643
8457980
22805043
1960918
29349905
1012043
12025807
1462960
8814886
2085978
21271893
27290520
30423783
21719983
8651719
10649572
11929548
29328043
6359801
29309221
9990580
15193114
29608832
6359556
8614832
8747801
26462517
11376406
26339070
7583562
25861626
13923087
29889156
29810866
29351142
29065508
21340107
13850999
29268831
29727828
13243876
9990794
27555850
12312121
26658644
23816530
2142963
7210801
14083280
14934004
10918253
23535805
3078852
13823802
20186341
2394951
11240663
1561178
20899778
2394952
19945678
29770004
2060410
29770014
6070126
23983145
3433256
8346258
2085958
1212821
8814889
2170458
2394546
1561424
14934125
11253590
17755631
2085959
7219074
11565990
2060409
8346274
20788818
24401503
29075637
18587099
18537871
11432746
23345067
29001283
7991425
18883025
12136214
27277807
2714170
3315449
7274932
26177417
21672425
8396672
27353523
21507055
21493865
2007014
27353601
12902256
26355292
27555234
14312923
29821528
10075680
28870530
15161030
21474821
20905552
19682359
9917214
10557728
10557729
10557756
15933055
7681351
8346279
10309631
2085977
6457030
18537869
3827804
23913198
26446468
28164970
31089457
7774183
8104576
8505732
8651343
8729817
8814646
8985219
8985220
8985233
9066240
9159692
9159704
9159705
9159743
9159901
9409926
9597842
9614920
9797682
9797725
9822797
24856763
24892146
24898426
24915704
24919099
24924443
24967078
24967319
25155905
25156084
25156637
25159494
25239866
25316956
25477776
25608988
25779561
25857283
25876473
25876523
25960625
2428510
26346963
26419447
26464490
26677006
26769075
26771693
26776136
26867978
27220691
27540998
27542581
27556468
27685158
27688740
29432832
29467840
29510938
29522680
29528978
29536080
29542702
29806729
29844668
29848882
29851905
29856107
29958243
30245200
30279025
30279420
30309405
30354862
30371985
30377131
30422783
30427475
30428626
30516675
30548904
30574525
30574641
30576245
30576444
30681479
30686885
30687793
30693637
30710635
30710705
30710780
17767137
17768281
17769294
17769403
17769935
17769975
17782516
17901681
17908521
17995280
17996338
18000512
18000774
18001965
18004138
18023860
18037378
18081933
18136720
18229206
18229966
18372788
18372821
18586375
18586531
18609017
18723758
18756188
18813918
18818652
18882889
18944759
18957671
18977288
19048348
19171215
21516986
21561720
21719845
21719906
21719969
22220718
22591940
22592525
22756920
22831683
22975364
23080439
23097540
23258592
23316375
23323809
23506894
11289975
11306027
11411227
11412364
11427163
11427319
11508293
11509972
11550654
11561094
11640558
11831468
11844024
11844329
11929381
11943513
11943641
11944638
11952401
14410813
14411084
25221112
28921457
28923918
21401720
21401748
21401935
21249581
21493864
21474833
27268021
27267406
21677453
20948915
20781759
20781396
20948916
19256079
18818653
27183627
26789373
26789114
26768998
27835724
26179766
26698103
26173621
26161006
26161008
26176805
26173634
26183649
26157437
26183925
26153224
24275820
18002855
26782465
31245067
15246694
19941750
18047947
6361521
5354562
20095187
18118981
14420024
9822696
30548918
30552259
30549972
26183776
27347691
27355540
27354174
12093886
8814868
30326313
17351766
7025676
28952851
8816346
12418092
20168745
10648938
4472937
9226605
2771537
29739409
29740057
17431474
24661364
10790802
29102102
26982219
18876033
20091077
30421608
30421198
24938076
27281524
13067512
28788604
29151978
29152280
18978520
2849587
7537212
14810582
16118081
14810525
26699726
14525371
11323138
30254753
31461878
20950626
30010994
20943973
30417976
30418942
31229170
25135674
11847198
29893622
29818608
21589173
24824501
26056491
2428500
26784350
2710795
2847415
2980346
4259849
4259852
4629906
4696415
4708146
6627437
14531556
14601488
16057536
16142831
17635197
18744564
18873438
19828647
20094043
20193495
20203783
23548088
11943579
11943953
12022051
12923718
12955431
12959997
13331998
13360809
14329981
16520480
4082739
1960938
27471908
4675826
10557732
18929798
21464051
15464163
23557881
8150771
6626673
6360007
17845666
8814873
29064717
30401030
16116562
4873974
21247384
25309847
14810633
29331633
24821886
23628379
7022306
18017601
9419913
10828509
15205377
26252965
17276587
12137169
21149373
29214899
18759980
23256752
21470649
17390034
17858685
17909212
17993852
18357001
18735612
18744681
18766817
18970723
18970961
19065879
20158109
20788911
21306374
21517048
22646376
22858540
22913434
23325348
23327505
23506614
11289436
11291256
11373402
12678163
13518289
13518325
14402701
10609453
14315382
12415136
31203635
26428355
30183575
28057121
20932706
13950064
13954817
9527941
9527928
15592955
1218705
1218686
9527940
23540064
22608479
28976204
8702284
17779780
17779783
15166205
23539723
11304797
10918319
24667703
29925510
7863835
15592885
25959902
21003605
22606119
15154118
11292960
1537082
1537085
7056804
1521638
9596801
7218541
1537083
27887894
26651327
28976706
29111073
29176772
29189242
29257249
29786357
29927467
30278894
30546057
30546734
30817715
30818969
31028710
31096205
6441778
15161221
15161235
15161238
15334960
15357262
16667007
16781555
16781557
16781558
16857754
16964140
17779615
17779616
17779643
17779782
18666536
20079214
21003258
21276664
21336667
21344440
20397126
12027199
12097732
17871479
8085251
13950146
11233822
29188519
2124970
31144463
31277954
7853489
31515759
15277027
20318800
11146606
12303530
7057721
12691200
12901801
17198183
6793330
21048417
25527007
10984589
26170803
1633006
12481820
13036653
12313298
24096826
14099948
12674008
18737923
25098845
20224660
12901803
17425164
12901800
12901806
24047565
8695048
17330109
18747503
7868865
7881846
8695049
10103753
10946133
13014478
13470667
13470669
23745439
24096913
24097032
11943721
11943720
11507708
23180220
30279123
13851395
2124944
31277947
31503831
73932
13594060
24882345
13594055
15290730
15290731
6106658
9159151
19598265
24951375
4140520
19599196
19837988
30068608
4490629
30070992
13389794
25539371
30070523
6189529
26911047
6106695
26919854
19598807
28884643
26913122
19598600
21521331
29474382
28363503
1842666
1842661
18304690
8801238
13566919
4987030
7963371
7986073
7986325
8033759
8296946
8385597
8385775
8394684
8429831
8430151
8430199
8593195
8593196
8614726
8614731
8618706
8651575
8651576
8651577
8651578
8651579
8730158
8730160
8730161
8730162
8801231
8801232
8801233
8801234
8801235
9019181
9019182
9066194
9753213
10468190
10859095
25098168
25165154
25165929
25166656
25205888
25207088
25511856
25552043
25555095
25906125
25907038
26034788
26306046
26306085
26306202
26306206
26306209
26306212
26306214
26306239
26306242
26306243
26306250
26306251
26306254
26306269
26306276
26306423
26306438
26797732
26928747
26929929
26930301
26976270
27280701
27294827
30102561
30105454
30233593
30234658
30375154
30449691
30575394
30576862
30724072
30729763
30738735
30748680
30818976
30855964
31108140
31116502
3385682
3971050
14485547
14545572
14549015
14797667
15290733
15435900
15463585
16781559
17326258
17329513
17977908
17977962
17977967
17978029
17978224
18368511
18602949
18602959
12087255
12087472
12087478
12088888
12098551
12098615
12341535
12343767
12344851
12402077
12402091
12402147
12402438
12402536
12402704
12443947
12443949
12481748
12481798
12481817
12482284
12482730
13200404
13364178
13364711
13365918
13366702
13367226
13368267
13565618
13565948
13575761
13577079
13779229
13779298
14141414
14411053
14415888
14415887
14415889
14415750
14415749
31342929
31342729
15149710
27272095
31356522
13068866
13068869
28234970
2700433
2697334
11146522
1842680
1842646
1842643
1842652
1842667
3384169
1842639
1842647
1842655
1842675
4673803
11146529
11146525
7880613
10307114
2697338
2700437
10307113
2697337
12308777
14207409
14208920
14211417
31419038
31419024
17427606
17428197
31439998
31503795
31503788
31503789
31503794
31527475
29170588
20463398
15290732
10122700
9822523
25098993
8270405
8652594
15903016
20238933
10244346
19574812
12143051
3954236
15596259
25871790
24107123
19567644
24663629
25427967
29976087
20723804
20244398
20642264
29168573
16017477
25961339
15903019
28651410
16312062
9065559
11292903
19683236
15903020
16455966
6767270
21301859
14216581
14415753
25299653
15435912
18371350
9958671
17843608
10439902
15161144
28650973
25332305
20054276
25331732
16455971
17599719
11146629
7963143
7963358
7963451
7986519
8034969
8614528
8614529
8614640
8614641
8614642
8614646
8614699
8801225
8801229
8801236
8801237
8886632
8886633
9065581
26489472
27106051
27108279
27109137
27110341
27111407
27317518
28650824
28651003
28886156
28887832
29118845
29165267
29556791
30056009
30098876
30100920
30101635
30155414
30177180
30188849
30194111
30194764
30278410
30373908
30436788
30436806
30439301
30771150
30940531
31110787
6458987
6799679
14496314
14549498
14575188
21221326
21336665
21453014
21643677
23042178
23572582
23573832
23575394
23575871
23575970
23576054
11292364
12582199
13503658
14192122
14192393
14415763
29081266
19980151
19687875
21330767
19905937
19495129
20723991
21332254
23932009
21332048
20764472
20267032
20715670
19486935
19567464
21301419
20170056
21301359
19680207
20480083
19680908
17428818
28236504
30769714
31412993
8313814
8694833
29330941
29331102
19856965
20159578
29032747
19539929
27854397
20159230
31397790
26336180
27742031
29033770
30115577
13392237
17643137
13392236
20887880
17539880
23230281
27732006
17367209
12167786
10789235
3954233
7494870
4441833
3960812
3954241
11047781
10588840
13346579
8987049
7916259
91857
3474956
1868247
3052748
6203631
1895872
22561499
1044553
11253129
6202906
1044551
24108666
11263647
22657862
4223651
7021619
2112179
1044561
4298157
14467371
1044533
22478136
4464905
11253208
6130055
10860197
1868198
3474905
1868246
1868248
15411556
4140379
20160979
2394570
8305889
15276997
15276999
16456418
1044526
23140465
4298156
2112177
21562881
8985888
2125583
13254132
5354084
12098656
2112175
2301143
19798478
27201734
30387444
30342918
1044505
29706053
4865263
8987047
21562888
7607844
9645409
15338839
7607842
8492143
8749195
5354086
1044514
23139715
13953699
8383981
2388330
4865260
2596585
8889441
28754983
4299654
12313955
8537339
30342910
30406716
29274729
8801099
8706211
30394810
8385053
16456416
31062653
30431542
14304621
30342916
20362221
15276998
1044499
8889447
1044507
11565922
25856072
4298144
28445906
21385211
30565467
9019184
26335018
17066555
8985898
30115784
18537101
7852981
26448594
14303878
8886535
14304597
13953703
23469799
6839098
17644126
20059431
24117313
23825738
10883759
21551377
19134031
18536294
6203238
27373555
19618795
1044531
26741821
27457982
1044556
8886562
26250370
19777935
10278048
10555969
24099197
4998247
7520380
4298142
28268931
8801096
12304600
11101246
10205843
2753485
23002209
11378730
8216820
10278040
2015619
8537365
2394453
10139532
4223655
2015595
2154948
8039260
27098145
19834521
1842636
2447531
19322203
23181403
10278054
4182106
18827809
22786759
11843860
9018650
6333698
19872111
8186975
8085690
22786749
8085718
8889442
2817928
13090508
9753497
7852980
6768574
6768576
10278036
10822090
30394818
3051685
16625776
18011829
30115717
29930457
7533343
20190077
14305698
11943749
12008743
26441142
26449027
30116802
30116835
20760329
24117795
30115576
8305881
10828142
8305881
10828142
9026544
25544136
26610433
12415634
24117877
30116844
8706212
12407787
14399559
8801048
12022747
10154857
7854237
4223654
4223660
8390282
11146611
30203872
6381804
7533347
14886577
15277040
19619161
19872829
22785502
13062778
13062779
13953695
24117917
7854115
7398735
7862039
8333421
8333423
15161234
15277041
16621115
18005049
20345344
12676957
7854094
4298150
5349875
8150047
8150055
8150056
8253928
8328383
8374282
8375247
8383286
8429873
8430912
8468872
8475036
8491570
8491578
8508492
8508495
8527945
8527952
8593187
8614601
8614717
8618686
8618705
8618711
8628283
8628284
8628285
8628286
8628287
8628288
8628290
8628291
8628292
8628293
8628297
8628298
10018592
10095673
10107402
10109364
10109397
10110045
10205850
10205990
10247946
10306974
10306986
10306996
10439867
11047236
11146613
11146665
11223302
11252958
23616970
23871784
23877426
24076411
24374762
24379012
24506128
24545264
24681484
25133831
25610402
2414914
26086401
26117879
26143131
26327872
26334251
26379307
27905745
28349855
28359055
28391745
28470768
28580964
28582056
28582899
28583858
28584719
28585686
28586950
28612970
28704017
28972967
28974244
28974680
29051643
29147446
29165038
29166755
29167894
29171520
29187462
29187869
29188003
29188431
29188535
29189034
29189141
29189925
29190045
29190252
29190638
29190738
29191018
29349321
29351185
29353806
29361583
29366276
29577090
29618279
29935963
29984243
29995001
2741830
30068502
30072305
30072965
30073233
30073557
30073820
30203870
30203875
30239465
30254049
30274169
30278118
30279052
30369379
30380500
30381806
30421199
30421923
30422584
30424740
30425913
30427043
30495538
30496066
30496551
14465913
14475211
14526755
14527092
14539967
14545192
14898242
14902717
15161046
15161047
15161049
15161050
15161054
15161055
15161056
15161062
15161077
15161232
15161233
15164023
15231109
15310260
15343875
15349872
15385066
15903900
16621114
16780707
16857578
16857579
16857581
16857582
16857583
16857584
16857585
16857588
19115268
19151447
19208517
19562190
19601609
19617147
19617801
19618146
19618512
19619808
19833898
19844554
20100751
20120279
20120280
20120289
20160877
20183624
20255353
20259294
20288991
20304425
20712082
20712093
20712430
20721577
20722104
20722176
20724537
20726983
20727556
20730013
20755316
20864373
20892593
20892951
11334335
11341806
11382953
11384468
11384485
11565924
11565963
11565971
11566022
11566036
11591490
11591518
11591852
11591928
11592062
11594007
11640034
11640283
11640295
11842666
11842680
11842682
11952238
11952242
12022848
12069937
12098697
12098704
12098705
12098740
12208690
12292924
12403464
12403526
12407789
12414899
30703553
29424461
30697246
12211323
19776978
19777598
23629430
23631092
12098853
12098699
24117312
22765168
22768363
22763628
22766211
22770211
30391531
30390140
26448868
27451733
27452791
29935226
30139671
30065562
30045745
29976078
12345666
12345642
12345645
23498231
31319237
13686240
13684698
11646626
13615533
18006964
31319941
9464247
8333389
30394809
30342915
10861433
30342913
30342912
24099291
31412315
24099288
11438833
10649495
10242325
17426778
27173265
26420289
8085350
8085686
8085679
11283340
13097420
2015630
2015821
7853442
7868833
7869689
7853957
7868791
7853488
7864085
1842686
2902598
30237876
23564729
9753677
13941179
30229609
18602341
22658387
11283341
1073245
1044552
8728938
7398765
2394450
12442799
13954819
30394816
25487644
24631736
1043343
1868201
7021620
2301145
2834320
1043355
7021622
1043351
10053677
1043350
1043352
9960214
3080803
9960212
1043354
1867945
1043357
1043353
1043347
1043356
6502144
29952718
11893650
20257085
8333425
10053683
7916267
9960232
10278020
13062784
13062798
13062809
7868437
4223656
7112235
7112236
7112237
7112238
7112239
7112241
2596583
9960213
9960216
10053685
10053687
10053689
10105191
10114919
9960211
10384193
10384195
10384197
11193790
7861790
7862012
7863720
7865903
7102734
7102737
7102738
7102740
15335690
20199826
2068472
2068473
2124979
2124981
13054601
31163037
12098852
27437144
23064003
17964367
10861436
29265175
2350494
2015626
7863805
7853255
7867423
7853045
7861948
7854073
7862233
7854093
7869712
7865241
7852501
7853633
7854150
7866884
7854235
7868305
20726041
16456347
16781254
20726051
1394180
10555928
8211503
4148424
20697950
4851264
4851631
22333110
20775296
10555921
4851044
22329859
1392211
28841830
4059979
1392213
28842986
19070592
1394182
10789241
27908591
1392210
20698542
28840184
1622797
1395133
1837050
20697902
1837007
20653253
20403520
20395125
16846024
1391424
20698522
1839350
1394181
8783194
8211504
4851632
1394184
16456349
6132620
1392212
16781255
4851874
1395135
1622796
1839346
17408754
20697411
23258602
1395894
4835085
4851875
10648928
4851303
1395892
15639190
4879007
4851624
4879018
4851581
4851381
1395129
20697168
4851304
6158699
8614526
8614600
8801183
8801220
8985457
9043345
9158459
9158460
9158473
9797516
10439901
10439903
10439908
10555500
10687413
10717398
10790599
11047211
11047212
24038507
24041626
24042224
24392186
25238417
26624626
26773015
26773263
26774722
26775163
26775999
26776485
26776807
26776863
26777623
26777719
26778031
30387589
30437574
30438696
4835105
4850993
4851302
4851372
4851419
4851444
4851569
4851619
4851625
4851627
4851628
4851820
4851840
4851841
4879008
4879013
4879014
4879015
4879016
4879017
4879024
6103959
6132619
6132692
6132705
6132797
6132798
6132799
6158704
6158707
6158708
6176221
6176236
20403294
20474926
20697913
20698149
20698472
20698773
20698877
20698904
20698919
22032156
22323531
13158683
13209939
13414846
1395127
1395128
1395131
1395895
13486343
13785152
13822240
13822357
13822485
13823018
13823036
13823038
16456348
16542205
16577145
16781253
16781257
16781256
16542202
16456350
16542206
10467958
16062112
29590880
25816878
25852362
29599816
29599300
25819222
29543012
29302068
25192454
29600064
29585807
29588155
29599085
29585305
25782344
29588554
29591516
29312768
25142434
25862186
25190705
29587206
25817332
25860893
25191490
25818263
29589497
29302944
29597945
29303751
21156087
21155367
20944150
21155161
20947631
15913812
19011782
9753653
18899032
23378946
19069766
14626012
18999167
8333837
21273190
14688122
29226137
8334791
19063444
19009776
8393811
8334929
14626759
18997846
8361190
19000037
18899326
19069389
19011972
18999932
19069597
23376334
21273272
14626153
19001020
14402881
9780239
14402880
7803096
19300615
19300845
1220103
8639320
2600539
16943169
8730331
20863949
24698057
24696138
24712683
9018994
8889405
10859139
17045155
18086023
13588089
16943168
16029522
16943171
22286328
29097744
9234622
18292291
21066772
18173689
16943162
13587659
15287635
10900975
20894387
24703256
25018812
18174224
15435964
24246976
17694214
8695315
15287908
16943163
18493965
13779669
26032611
16577162
24021951
15287466
10859154
24246992
20363201
17189843
9614986
24246972
10859175
20289662
20363738
10828543
18547255
16168442
24247000
16943172
16588938
10918326
18923343
8619009
7799032
9921041
10859176
18282619
13586737
11289438
10859166
9797641
24247034
8652502
18609309
18610118
20015382
20016134
17491703
16087854
16091154
25208537
18608534
27353432
17189838
9159336
16090900
19301571
29746842
15273188
20805782
20909044
27464024
20805845
17189836
7607489
7607491
7759696
7776781
7798596
7798912
7963111
7986733
8040079
8614695
8614728
8614729
8614730
8614735
8801219
9606381
9606394
9614980
9679763
9680107
9752552
9753526
9797640
9797642
9797643
9810923
9921086
9921419
9921420
9921421
9921422
9921423
9921424
9921425
9921426
10043081
10306942
10306944
10306945
10306946
10306948
10306949
10306950
10306955
10306956
10306957
10306959
10306960
10306961
10439865
10448218
24246556
24247012
24247019
24247025
24247030
24247106
24247145
24325784
24380276
24380788
24381252
24613853
24648199
24648205
24648218
24648299
24672372
24673017
24919621
25095540
25095868
25096138
25096840
25096910
25097101
25097323
25097357
25097773
25097952
25439798
25671729
25672020
25672056
25837727
25843047
25883331
27642553
27744945
27850011
27883176
27883249
27883769
27883873
27973906
28146277
28760440
28763868
28765083
28768316
28769704
28779353
28780357
28856994
29004977
29091547
29502917
29503137
29503205
29520376
29520383
29520384
29520386
29520393
29636886
29686270
29687267
29719844
29748232
29748898
29749262
29767611
29769123
15436014
15439251
15439388
15445878
15453209
15653052
15789979
15903018
16027291
16028081
16028939
16028947
16042701
16065936
16081384
16090997
16168428
16168500
16188998
16190720
16191098
16191554
16191849
16312371
16312528
16312672
16313649
16341190
16533183
16563487
16577160
16577163
16577165
16588925
16588926
16588928
17189856
17189857
17189858
17189859
17189860
17189861
17201242
17201244
17201245
17201246
17201247
17201248
17201249
17427160
17461425
17522241
17522369
17769610
17770291
17772424
17773903
17774560
17978696
17978719
18086224
18160120
18162543
18162610
18174216
18174791
18282044
18283350
18283363
18283469
18283513
18283559
18812689
18834738
18936908
19136948
19159593
19159852
19160517
19163805
19163986
19164072
19164342
19165904
19166388
19167039
19167554
19167781
19169759
19170372
19170775
19171003
19171108
19171213
19205280
19209730
19209765
19209781
19216652
19217938
19317115
19327286
19453561
19471979
19472231
19505695
19552955
19555222
20738337
20739590
20740218
20742655
20743487
20805462
20806091
20831870
20831982
20832094
20832207
20832265
20832403
20857225
20857239
20893748
20894036
20894235
20895030
20925227
21210761
21253420
21253562
21555308
21622372
21622386
21622391
21622470
22283769
22290333
23134934
23379614
23554914
23557173
23558344
23559694
16168460
13588510
25019731
13588220
22840027
16168526
16168527
13587848
31147631
14999379
20374715
31037941
31242893
31242892
31243490
31243517
27436341
18607527
19167628
14628761
31229605
31225718
31246979
18812743
16588927
25443710
31245488
18602869
31243709
18297562
18297478
18545974
18545629
21253833
24247005
24247007
16062602
16034229
16063689
14628528
29542795
29767268
25092933
31452203
31451912
31451329
31459951
24826396
24827445
20290538
31456588
18089999
24247188
20290148
24830426
24825263
30380426
31423730
30381779
31321770
30376184
29709489
29708831
8652503
18160254
20290062
18002636
18086218
31247842
31248460
24975323
31175334
31431744
9660436
25233019
9920925
17438708
9628742
9628787
25989166
17440558
9155437
9868148
17438614
8695248
8730333
9155435
9155436
9628744
9628767
9628769
9628770
9628771
9628774
9628776
9628777
9628779
9628782
9628786
9920936
9990179
10694247
23647505
23647592
23647703
25231435
25240095
25461158
25988836
14377030
14377035
14377126
31244943
31294159
9628775
31293070
3832090
1948240
3832083
67604
2714057
1948239
1656714
2085537
1220103
968109
1210305
4512461
73903
4050203
73932
6457028
1203018
3832101
1870811
4158566
4983298
73939
6457024
92881
6351208
968092
6457020
1220102
1867631
2394454
2600539
4953484
4174727
968093
1313958
1043771
15453746
15453779
15453786
15453764
6457030
8004330
8930663
8985216
9146942
9747766
9747767
9966859
10107346
10108760
10335162
10828132
3385682
4630122
6663497
7274860
7379075
7533510
7548205
11321809
5340162
8334928
8393689
8393717
8393685
109713
15453755
1279459
968081
4813113
1867630
2301136
3832083
2714057
1656714
1220103
1210305
1169648
73903
1279033
1220102
1867631
2600539
4953484
4174727
8639324
1079822
15453767
15453784
15453773
15453741
968114
8620374
8361209
1487814
15453738
15453761
15453744
15453770
15453776
15453788
15453749
15453782
15453735
15453746
15453779
15453786
15453764
3832083
2714057
1948239
1656714
1220103
1210305
73903
4512460
1870814
1220102
1867631
2600539
4953484
4174727
1079822
1835046
968114
8620374
1216444
8004331
2984286
6799679
8334791
8334929
109713
4813113
1867630
4952975
8620380
4175826
2395143
4952974
4148147
3832083
2714057
1948239
1656714
3212014
1220103
1101685
3832084
1210305
73903
4298157
1960918
1462901
1867631
1169646
2600539
4953484
4174727
4298156
1381806
1079822
8474962
968114
8620374
4910202
10335201
6457030
7963103
7963109
7988641
7988777
7989268
8004204
8985236
10278223
6664984
1220100
1169652
968080
3832083
67604
2714057
1656714
2085537
1169647
1220103
1960916
1101685
3832084
1210305
3832094
73903
7593142
1314036
7593128
1101686
950883
1950171
1462947
1867948
8747515
1210304
1843763
3830528
1101688
968089
2119576
1462948
4512456
1557923
8546434
107708
8677477
6177044
1950170
3944687
7023171
6627608
4354285
1462912
6457032
1253704
10555965
1381827
5270425
10085065
7873101
8590952
8396686
8614280
8614776
10555908
2151085
8396650
1104314
10384191
3816513
3816521
10109364
6664537
11289436
10555963
10555967
3944688
6210788
1302765
8781732
8590936
8858170
8917598
968098
968099
6313563
7873093
7873097
7873108
7873116
8299022
8044641
8253655
8299008
8299012
8299016
10810625
2608999
8546171
7926429
1220100
69952
1462993
968105
1079818
6572840
1394180
2379919
7047282
8495356
73909
7779561
1960934
4059979
1381829
968096
950884
968106
2082498
6572958
1576460
6531832
7289751
15453767
7978515
15453784
15453773
15453741
4851295
950886
8620374
1391424
1839350
3450175
1560113
8393779
15453746
15453779
15453786
15453764
7798029
7988542
8985219
8985226
9147127
10305194
4835105
4850993
4851372
4851820
4879013
4879016
4879017
6572841
6649360
7214043
7271903
7272325
7272326
7317094
7479500
1954781
1970021
11285853
1395128
4133670
8111659
7978577
7962202
7978568
7978437
7978570
968080
98427
3832083
2379921
3920766
2379926
968105
1656714
3315448
1220103
1101685
2178452
4987509
5259986
1210305
5013943
73903
2379922
1315807
6210787
1314036
11292708
1101686
2653125
2178451
73909
1867948
2277322
1960934
1220107
2998919
1965495
3830528
1101688
4851044
6210784
1079822
2350484
8435319
2318507
10557720
10139534
4148452
2769126
968114
3814301
7022206
2770719
9159660
7272381
2770718
5017258
2653126
1627701
7511115
7144404
2769129
950902
2769127
1960937
4741616
1561178
3078842
7931101
1627719
9159661
2394568
1950173
4972324
6070126
3903223
2376649
7962064
3449535
9796332
10085071
10085073
8590949
2376641
9796330
8401318
7144899
7272228
8614275
7766729
7864490
7931116
8110471
8148630
8538116
9130013
9159743
9966468
10094754
10912022
11146630
2424833
2598279
2599749
2599750
2599751
2624108
2629414
2629415
2632327
2632329
2632330
2632331
6625973
6662452
6663951
6664012
6664940
7050560
7220143
7261116
7271824
7272213
7272227
7275113
7379601
7439053
7533595
7537250
1561240
1561241
1561254
1580538
1727912
1727923
1728838
1728839
1821813
1965455
11285876
1395131
2632332
3953620
4133857
7847862
2732955
9693172
7272026
2547105
1561242
2769130
1557919
1950172
10139274
4223657
1589725
4675828
9792843
4133756
3481284
2394554
2395138
5270158
4821374
9581616
9581612
9581603
3832088
6197037
6197041
9460906
3831673
10139267
8401316
1281064
10603160
3481409
10603162
1462979
2902477
4675827
9796334
2428509
4144256
4354957
1220100
69952
72354
91745
1948240
1462988
75240
968105
1079818
1948239
1462956
4942913
2085537
1462951
1960916
1900120
968108
2379918
1462965
2379919
2379923
2644159
3832094
73903
3832085
3832086
2379920
1177974
107709
6076034
92880
3832095
1220104
968118
1462947
3832092
1243754
1727920
1220102
968096
109712
1843760
3832096
8387236
3094419
7284733
968106
1961046
1104315
10076715
2394548
8639324
6501330
6501505
3316916
3312136
4175827
1843761
1837007
2394945
7379611
7961992
9520174
9520092
7507090
2853604
6500802
1958537
6500774
11047263
4873974
7713186
4987401
6177044
1253705
6970347
1561248
2600530
9058533
6457034
3940978
10555977
1177972
15453738
6627608
2060409
3086235
2908290
1462912
2273512
4835085
4851875
1672957
9797522
1253704
2842465
4851624
4851581
4851381
4851304
3960667
3960657
6457026
1843632
8694894
4259858
15453761
9797526
8985218
9836229
10108663
10278234
10555970
11146617
11252958
2474645
2474652
2500263
2624107
2982304
3083775
3252926
3252928
3252929
3253642
4275648
4379023
4629926
4630115
4851419
4851444
4851569
4851619
4851625
4851627
4851628
4851840
4851841
4879008
4879014
4879015
4879024
4922743
4922744
1964226
1997677
2169300
11384485
1395127
1395895
1964230
4530028
1727913
10555906
10555902
9797525
9693173
10555975
1986144
7213727
10337662
9519994
9520167
2767366
2084237
8393810
7803096
5002152
7494870
4441833
3945498
3960690
3960788
8495359
10278219
950906
1462971
1462976
1791829
2600542
2600540
8620380
6210778
1561253
2379942
1556348
15453758
15453752
2761358
6700341
968098
968099
1172267
1950176
2612435
957766
4148147
2600544
1206716
2638503
3144859
3145240
3145241
3145242
3145247
3345316
3431729
6768395
7102726
1986125
1986129
2124719
1986143
3960673
3212014
3832084
2230712
988460
7492269
1960918
1462901
2984298
1381806
4133669
10226311
1961050
10534764
1561424
4133714
7560746
1970017
11373833
8110469
8111610
8131295
8985224
8985233
9066242
9159704
9159705
9159734
9159746
2567591
2580937
4605387
4629947
4629954
4629991
4673649
6664513
