23736279
23736509
23736683
23736717
23736778
24081704
24605911
29374870
14507637
14507642
14507655
14507658
14633499
15289696
16107311
16138865
16140072
16140207
16906853
17234096
17234293
17234570
17234931
17235108
17235185
17235466
17235750
17238017
20670212
20671156
20671315
20671827
22927136
22928277
22929395
22929723
31341339
11014926
11175537
23825213
23933851
23939730
24389487
24391069
24639545
24639997
24640635
24648058
24991758
24991807
25127131
25130007
25133452
25136344
25157225
25157232
25160458
25458463
25906137
26085137
26085710
26086125
26701496
26825561
26827629
26827661
26950840
26953952
26954053
26954976
26955355
26955670
27452835
30093463
30093639
30093700
30093900
30094235
30094240
30094566
30095001
30095180
30095293
30095460
30095713
30095968
30096351
30096389
30096873
30097838
30098228
30101846
30102191
30109099
30109360
30109609
30110111
30110252
30110363
30110996
30111411
30111451
30111801
30112269
30113736
30114134
30114246
30114997
30115168
30202563
30202969
30203868
30204681
30205908
30217385
30217986
30218817
30220152
30220928
30221458
30221989
30222749
30224307
30225184
30225873
30226932
30228110
30228692
30229593
30230348
30230851
30232204
30233351
30233881
30234630
30235042
30235673
30237716
30238464
30238971
30263843
30263903
30264007
30264109
30264279
30305510
30306023
30307845
30308199
30337967
30338061
30338335
30338613
30338766
30338991
30339144
30339527
30339795
30340471
30340752
30341164
30341442
30341762
30342111
30342439
30343312
30343681
30395132
30438272
30461310
30699906
30743188
30764410
30809825
30809947
31043149
31043352
31043548
31043729
31059180
31059689
30126737
30126437
30125848
30125393
30124229
30123582
30122388
30121904
30120324
30121475
30108127
30105715
30103918
29312522
29311021
30109603
30109236
30104624
30102596
30100685
30101243
30100522
30098941
29314512
29308811
30122299
30121405
31540607
30120284
29308816
31551909
30112997
30112392
30118993
30112094
7667446
7916841
7916842
8275170
8275171
8275173
8275174
8275175
8275176
8275177
8275178
8275179
8275180
8275182
8275183
8275184
8275185
8275186
8275187
8275188
8275189
8275191
8275192
8275193
8275194
8275195
8275196
8275198
8382804
8383284
8785087
8785127
8947122
9112572
11254191
11254738
28077497
28078294
17025107
23711921
23746527
23991917
24651755
24809082
25195566
25195791
25200172
25201874
25211114
25211196
25211530
25211970
25212148
25212295
25212590
25212761
25212891
25213025
25220004
25407069
28114375
28119722
28264720
28459123
28459376
28459466
28460078
28460121
28460197
28460415
28460982
28461090
28461487
28632932
28633319
27520443
20882217
22607423
7588417
12030472
14537679
8591924
22257782
29420205
31166287
30201501
29422697
20904674
20870280
10927536
29398483
9284591
27161083
27282306
26772962
27369637
29420456
21396889
27338310
22781634
27728128
27366505
28935471
28946426
10930519
23268024
24814083
7922961
19964268
13673720
18449415
27399115
24358459
20273973
24379389
25629041
22781634
9841624
19833517
21274169
21594940
16492630
11615174
13979512
13959239
8202473
29289625
28109565
29421961
8765100
11120197
22841197
23092528
19142547
22256468
25906484
28009660
20994675
10347952
25767642
25769647
19968896
26096191
10296099
12566032
21063066
27834499
7913333
27274499
27281316
27464749
27200133
7588521
7588530
7595627
7620613
7833130
7887421
7894515
7895101
7896751
7907605
7908063
7917353
7917363
7917888
7918048
7918298
7918515
7918536
7929206
7932429
7933109
7934439
7934680
7935937
7936357
7953590
7957531
7957753
7960890
7960918
7961114
7963229
9231765
9232567
9234781
9234978
9239619
9240356
9241434
9241600
9242387
9242456
9242716
9243336
9244039
9253495
9254029
9255444
9255468
9255836
9272770
9272994
9276009
9276135
9277934
9282259
9282904
9283786
9284277
9285167
9292567
9293069
9293753
9293769
9293783
9294189
9295541
9298023
9363467
9368458
9370639
9372205
9372228
9372247
9372787
9373946
9375070
9376877
9380094
9384660
9385395
9387626
9387893
9389072
9390520
9391683
9392882
9392884
9396363
9397451
9401533
9402077
9402103
9409252
9427268
9430732
9430762
9433468
9437366
9438371
9440468
9440977
9456320
9456353
10461902
10485374
10501436
10545508
10602025
10889773
10919963
10926181
10953929
11034637
11040008
11124607
11137702
11148864
11213985
11231314
23838533
23931801
23933742
24011005
24011300
24051729
24056513
24056994
24060013
24061334
24064311
24079888
24081549
24085994
24091793
24094377
24112791
24258399
24260455
24275085
24854701
24856846
24856926
24857600
24858118
24858208
24908513
24912478
24932985
24956317
24956915
24961424
24967480
24968049
25007062
25055622
25063326
25063481
25063725
25070945
25072512
25073105
25106825
25107073
25107078
25107286
25116585
25233210
25235205
25245482
25262587
25262593
25262595
25262853
25262967
25262968
25518831
25533169
25533697
25534066
25536191
25536208
25537123
25538537
25538538
25543580
25546181
25546938
25548744
25550043
25552191
25588417
25590117
25597662
25598140
25607138
25609345
25613733
25614477
25616687
25632137
25632404
25643426
25644795
25768464
25798913
25823623
25827251
25877447
25877615
25883046
26065062
26300111
26300539
26300621
26303818
26304828
26306586
26306771
26328593
26332859
26333985
26362817
26373139
26378598
26417738
26422083
26437417
26437531
26437980
26442424
26444874
26447683
26448674
26455924
26456409
26456827
26456851
26457291
26458776
26459620
26460321
26471036
26475640
26644038
26683650
26697340
26727816
27216960
27217323
27217380
27260365
27280566
27282474
27287173
27288527
27289299
27303093
27308521
27308523
27312377
27339812
27346627
27348289
27351793
27354098
27365750
27371149
27373570
27380503
27383874
27386637
27388126
27392002
27393126
27400259
27405737
27405974
27408825
27442415
27449031
27454456
27474550
27476736
27754107
27754113
27756104
27763170
27763981
27768666
27769059
27772010
27773513
27800570
27800733
27801398
27802015
27803318
27803579
27804443
27804938
27805654
27806516
27807345
27807754
27808212
27809645
27810307
27811564
27812976
27813387
27815842
27821082
27821865
27822552
27823479
27847347
27854235
27863042
27866029
28003184
28005234
28006546
28007056
28012845
28012974
28013589
28015102
28015205
28016358
28017256
28018424
28032377
28036067
28037006
28037285
28038986
28039026
28060696
28063754
28063795
28069882
28070074
28070815
28071194
28071964
28079364
28079816
28082845
28083128
28092148
28092438
28093705
28094121
28094446
28094633
28346800
28348355
28348918
28358878
28359890
28361632
28363684
28364070
28367666
28367995
28367996
28376954
28380653
28380766
28382564
28384160
28403646
28405579
28407205
28408720
28427171
28428181
28428797
28443611
28443890
28454211
28455319
28456221
28456566
28457014
28457367
28457548
28458582
28460074
28460090
28460104
28587503
28588237
28588997
28589116
28589459
28590230
28591265
28592050
28592643
28592975
28593387
28600918
28612451
28616712
28617879
28618028
28618863
28621007
28621858
28622087
28622959
28632877
28635127
28635265
28635439
28635928
28636607
28637205
28660644
28678080
28680155
28681670
28682198
28682755
28683164
28684572
28818547
28820591
28820851
28831008
28831327
28836607
28843193
28843470
28845171
28849659
28857028
28858368
28869931
28870660
28880661
28883245
28883261
28884686
28884840
28909143
28909448
28914711
28914869
28918571
28919519
28922615
28928560
28932844
28935642
28935750
28936607
28938291
28938451
28940947
28944933
28946926
29242889
29244106
29244291
29265841
29269694
29273873
29289178
29289517
29289626
29311819
29312521
29319980
29325989
29326110
29347761
29348730
29349422
29350780
29351162
29359082
29361258
29366256
29376309
29377548
29394937
29395084
29395640
29396454
29397358
29397883
29398879
29400030
29401294
29402078
29402675
29420381
29468524
29468851
29469128
29475108
29482877
29518944
29519565
29522691
29522759
29524786
29532120
29533384
29539740
29544215
29549205
29549478
29550136
29550313
29550480
29551411
29551940
29552227
29555797
29557020
29557781
29558985
29560655
29685291
29685739
29685895
29691221
29694794
29695137
29695605
29697374
29698677
29851246
29852094
29852100
29861409
29861650
29865360
29865530
29867353
29868074
29870721
29872499
29878045
29881230
29889370
29893451
29895020
29896378
29897156
29897689
29898356
29899302
29921913
29922201
29923355
29927027
29927567
29927760
29928345
29929720
29930248
29930707
29930787
29932018
29932142
29932274
29932366
29958890
29959065
29959455
29959868
29960577
29961173
29962185
29962432
29964256
29965390
29965614
30014283
30014564
30016252
30018531
30022692
30027040
30028110
30033350
30048428
30048766
30050466
30051599
30055234
30057199
30057713
30057842
30058741
30068918
30173125
30196520
30197492
30197774
30202613
30213762
30219890
30342378
30342430
30342505
30344896
30345082
30345391
30345736
30346579
30353389
30363208
30366793
30372167
30377599
30379130
30382668
30383804
30384999
30386929
30387187
30387384
30388818
30394175
30395978
30418873
30420212
30425820
30431306
30440396
30440771
30441859
30442765
30442903
30443510
30443787
30444009
30444870
30496211
30496485
30497384
30514923
30515430
30515950
30516080
30521581
30522627
30530647
30531584
30547314
30548125
30548319
30548495
30548606
30551425
30552261
30552503
30555271
30593462
30642692
30668532
30675067
30675335
30675641
30675867
30675902
30675992
30676005
30679023
30681217
30682648
30686742
30686921
30687965
30752411
30752727
30753026
30753270
30760489
30760815
30762199
30764214
30764660
30764666
30764961
30765221
30765629
30766301
30766578
30766672
30766747
30767030
30767126
30770702
30771033
30772489
30773001
30773765
30774626
30775405
30776431
30776945
30777565
30778912
30779566
30780720
30782011
30809064
30810331
30812304
31049079
31052531
31062555
31063085
31063526
31064817
31065268
31065652
31065659
31079074
31080414
31081404
31097658
31119710
31120040
7063949
7136024
7274985
14462649
14463023
14563248
14567237
14591635
14794650
14800495
15190493
15462941
15892157
15895308
16164530
16422744
16435449
16435624
16494767
16598699
16858336
18084275
18136137
18145801
18152845
18199093
18426608
18471673
18482929
18515355
18516111
18518480
18521062
18521164
18521996
18524771
18531663
18532965
18534943
18536090
18536799
18587008
18599790
18707415
18727650
18758823
18765537
18771608
18771611
18771615
18771624
18771651
18771655
18771668
18771671
18771675
18810312
19315568
19322450
19326585
19330557
19331808
19332341
19333238
19425658
19433880
19457661
19460618
19461836
19462257
19495850
19507113
19601547
19608217
19609915
19612699
19619852
19623782
19627072
19627619
19629212
19631332
19656053
19657305
19658496
19659816
19660468
19661289
19684781
19807507
19883356
19884326
19928791
20908369
20930374
20930526
20930790
20947653
20951819
20953852
20957472
20994799
21023110
21023173
21023204
21023213
21035685
21037512
21041383
21043265
21045644
21050950
21052020
21052334
21052509
21053826
21063693
21156125
21162714
21183511
21226091
21236875
21243315
21250506
21272053
21309651
21315106
21379875
21380154
12437005
12495862
12663943
12680817
13016524
13482150
13687733
13790727
13920289
13947976
14002751
14256619
14431990
31060161
31059254
31063880
31162275
31156826
30218946
30520888
10919661
29686100
30421416
24903597
30370214
30350755
26329658
26336423
26330323
26331428
26337139
23796751
29204795
29205241
29889020
29738458
30546618
30349747
25238908
29217006
10566308
30201592
30279847
30697582
30516273
8203485
28072479
31161157
23098349
29793587
29792833
23097428
29790815
29791336
24908519
10457196
31284856
31284388
31306506
30243406
29348499
24829416
30239185
30369037
13222039
30366492
31080331
30887444
24054305
30755576
25630652
23342193
20880370
31395191
19085032
30750801
31078745
13464502
30517906
9512424
24063538
26944240
19152926
30213274
6475827
5319052
8914249
31415465
31430293
15410306
31471142
13557362
31302290
31313068
31413995
31483759
31316601
31078965
30698060
9978656
31491228
31470988
11753869
24064491
30365860
26694092
31515533
11351079
17680510
24460382
14001996
18417577
27353120
18831536
21396021
19198838
19549502
31541246
20210864
20293545
15886632
20354905
15989402
20869200
17892590
21070311
20877870
20959417
21290653
21249875
21249980
21396657
21678497
21466371
21593795
23342792
21529578
23717819
22084562
22284854
22293326
22613111
22286405
22612903
31170210
31158819
31158660
31180233
31173278
31218531
31314639
31316787
31320407
31225341
31471358
31477576
31477757
31487365
29241409
8272266
10132374
11221120
31546716
31552795
31552814
28413537
30522058
30760564
16281958
28436023
27383823
23729868
24100947
24944223
25006964
25232540
25233227
25250711
25251074
25447575
25455653
25537534
25757351
26089187
26187125
26190609
26194269
26195643
26232440
26241363
26253385
26266803
26273911
26303372
26645079
26645121
26812970
26813033
26881849
26908215
26977207
26977292
27212858
27213248
28288726
28300013
28322524
28324861
28326141
28329340
28332220
28335308
28344636
28347557
28349732
28355373
28364514
28367989
28377063
28377463
28377710
28402167
28402225
28402259
28402278
28407766
28408297
28410038
28412201
28412747
28413194
28413536
28413647
28413985
28414078
28414364
28440314
28442206
28445661
28446751
29303896
29351964
29353830
29356977
29373121
29375467
29375577
29542236
29542767
29713900
29716721
29723940
29743700
29778039
29808156
29888825
30034519
30056167
30279686
30302810
30304462
30307861
30312378
30312664
30451512
30451643
30456506
30458480
30466311
30541559
30543709
30544464
30544887
30896272
31049918
14794443
21148928
21149816
21161163
22314532
22316309
22319226
22320392
22321213
22470733
22471797
22992745
23010694
23058370
23239554
23250839
23252903
23313876
23314190
23315537
23315937
23318385
23323760
31243573
28441557
28441452
28441422
27774613
28440929
28437727
28445233
28444775
31169684
31204808
31204830
31187190
31245668
10014230
11206258
24887390
27397680
27998882
28003921
28020593
28023359
29692390
16493604
16494141
17494361
17839291
17840411
19813230
20466141
20470566
20472339
21263425
21264543
21264918
21495973
21505812
21507413
11599808
11599825
12170478
13690355
13691279
13951945
27887424
31484227
31485668
31487130
31488363
31489675
7985048
7985049
8317857
8329621
8564473
9809851
10159803
28376655
28377218
28377340
28377426
28377476
2844782
4828608
6574236
16794774
17863854
17865486
17892585
17894128
17894801
17944893
20933233
20933235
13060722
13094842
13270673
13780768
15878973
1608486
29039016
28975822
28975953
18843928
29738636
8332450
8333022
8868273
11065337
23753941
23755883
23845629
23913567
23913695
23913696
23913790
23913812
23987532
24098151
24137286
24347609
24348111
24348112
24481609
24486809
24488210
24522035
24523762
24554240
24554530
24567032
24567047
24567071
24629998
24648072
24655485
26242319
26246841
26356916
26362138
26369363
26426151
26446021
26477191
26478109
26662128
26832007
26878996
26879519
26917030
26924892
26963051
27161599
27263863
27284889
27301790
27303087
27363937
27384276
27389633
27402956
27405595
27440985
27771575
27774452
27841454
27841623
27842085
27842403
27885028
27888069
27890920
29733976
29740056
29740306
29781676
29781711
29903065
29903228
29929944
30387477
30391106
30465425
30465571
30501653
30513094
30734281
30823725
15485824
15915687
15933145
15937966
16436364
16437539
16458097
16783838
16821320
17188722
17368994
17371876
17760298
18039728
18203440
18339720
18339784
18360122
18361140
18361352
18710865
18710866
18710869
18710876
18710882
18710896
18710898
18710907
18710943
18711071
18711254
18711287
18711302
18711303
18711307
18711313
18711341
18711343
18711345
18711346
18711349
18711360
18711386
18711401
18711415
18711418
18711420
18711424
18711425
18711426
18711433
18711437
18711438
18711442
18711444
18711446
18712592
18712595
18712653
18712654
18712783
18712784
18712803
18713003
18713613
18713614
18713616
18713654
18713678
18713679
18713698
18713701
18713889
18713909
18714146
18714148
18714173
18714182
18714186
18714187
18714188
18714189
18714190
18714192
18714194
18714202
18714219
18714221
18714231
18714247
18714248
18714258
18715357
18715697
18715706
18715707
18715727
18715795
18715796
18715818
18715834
18715930
18715932
18715942
18715949
18715983
18716246
18716287
18716297
18716328
18716481
18716483
18716484
18716485
18716519
18716746
18716748
18716808
18717032
18717033
18717085
18717104
18717118
18717147
18720159
18720163
18720183
18720187
18720639
18720640
18720658
18720672
18720674
18720718
18728876
18744856
18744857
18744863
18744864
18744865
18744866
18744868
18744869
18744879
18744882
18744885
18744886
18744887
18744896
18744899
18744905
18745020
18745022
18745030
18745047
18745048
18745050
18745053
18745055
18745056
18745063
18745065
18745068
18745069
18745393
18745513
18745515
18745518
18745521
18745683
18745695
18745705
18745706
18745709
18745712
18745714
18745735
18745740
18745771
18745772
18745791
18745824
18746083
18746087
18746089
18746162
18746184
18746619
18746625
18748275
18748290
18748295
18748365
18748369
18748370
18748373
18748391
18748393
18748395
18748396
18749296
18749308
18749327
18749353
18749371
18749377
18749378
18749380
18749381
18749382
18749401
18749405
18749553
18749559
18749562
18749575
18749869
18749871
18749872
18749873
18749899
18749900
18749930
18749937
18749938
18749944
18749945
18749946
18749994
18750003
18750007
18750023
18750059
18750060
18750061
18750062
18750397
18750398
18750399
18750400
18750402
18750405
18750407
18750429
18750431
18750434
18750446
18750448
18750449
18750451
18750456
18750775
18750776
18750778
18750779
18750784
18750785
18750787
18750790
18750809
18750810
18750811
18750812
18750813
18750816
18750823
18750826
18750827
18750828
18750832
18750833
18750843
18751687
18751691
18751695
18751697
18751698
18751704
18751708
18751868
18751878
18751879
18751882
18751890
18751896
18751901
18751906
18751907
18751914
18751917
18751922
18751933
18751936
18751942
18751943
18751944
18751948
18752110
18752111
18752112
18752115
18752118
18752178
18752179
18752224
18752291
18752310
18752352
18753265
18753285
18753288
18753334
18753349
18753420
18753423
18753429
18753471
18753477
18753478
18753481
18753536
18753539
18753542
18753545
18753546
18753550
18753553
18753573
18753575
18753580
18753583
18753584
18753611
18753626
18753627
18753636
18753773
18753777
18753781
18753788
18753791
18753795
18753797
18753823
18754545
18754546
18754549
18754562
18754579
18754586
18754589
18754590
18754591
18754722
18754742
18755272
18755273
18755277
18755279
18755281
18755284
18755286
18755287
18755295
18755296
18755297
18755298
18755301
18755308
18755311
18755316
18755317
18755318
18755330
18755331
18755336
18755337
18755338
18755339
18755340
18756063
18780855
18814788
18816438
18819726
18832506
18832907
18832919
18832924
18832949
18832953
18832957
18832974
18832983
18832985
18833015
18833016
18833020
18833032
18833035
18833039
18833050
18833069
18833219
18833249
18833251
18833253
18833259
18833264
18833300
18833312
18833316
18833317
18833328
18833329
18833348
18834303
18834305
18834310
18834312
18834318
18834322
18834323
18834340
18834347
18834356
18834358
18834381
18834390
18834392
18834400
18834404
18834410
18834416
18834418
18834420
18834427
18834431
18834434
18834437
18834466
18834471
18834476
18834477
18834480
18834507
18834517
18834519
18834521
18834538
18834540
18834546
18835776
18835789
18835793
18835794
18835795
18835798
18835805
18835806
18835808
18835812
18835830
18835844
18835846
18835849
18835850
18835854
18835858
18835912
18835932
18835933
18835934
18836030
18836038
18836042
18836071
18836076
18836083
18836106
18836107
18836110
18836113
18836117
18836127
18836128
18836167
18836171
18837042
18837092
18837227
18837269
18837282
18837289
18837303
18837315
18837380
18837396
18837462
18837468
18837551
18837552
18837567
18837572
18837594
18837603
18837605
18837606
18837627
18837629
18837710
18837713
18837714
18837735
18837737
18837741
18837744
18837749
18837764
18837767
18837779
18837806
18837807
18837829
18838455
18838461
18838471
18838478
18838483
18838484
18838485
18838488
18838511
18838513
18838521
18838593
18838602
18838604
18838606
18838608
18838709
18838715
18838724
18838745
18838747
18838797
18838799
18838800
18838803
18838808
18838814
18838821
18838825
18838827
18838829
18838830
18838834
18838835
18838837
18838838
18839787
18839788
18839791
18839792
18839795
18839802
18839803
18839804
18839829
18839830
18839831
18839834
18839841
18839842
18839851
18839882
18839883
18840096
18840100
18840104
18840131
18840136
18840147
18840149
18840166
18840213
18840238
18840239
18840249
18840252
18840263
18840268
18840281
18840288
18840289
18840329
18841426
18841437
18841485
18841489
18841510
18841522
18841523
18841524
18841564
18841571
18841573
18841576
18841589
18841590
18841595
18841641
18841680
18841683
18841684
18841697
18841711
18841712
18841714
18841726
18841758
18841759
18841760
18841765
18841767
18841785
18841786
18841826
18841833
18841853
18841854
18841856
18842720
18842723
18842724
18842779
18842781
18842795
18842801
18842808
18842813
18842815
18842816
18842823
18842828
18842838
18842839
18842847
18842859
18842945
18842961
18842963
18842964
18842978
18842981
18842987
18842990
18842995
18842997
18843049
18843060
18843091
18843092
18843095
18843105
18843135
18843136
18843138
18843887
18843908
18843910
18843911
18843913
18843915
18843917
18843918
18843919
18843921
18843925
18843936
18843937
18843943
18843944
18843945
18844094
18844104
18844134
18844146
18844152
18844160
18844188
18844193
18844194
18844324
18844325
18844330
18844334
18844343
18844359
18844383
18844388
18844389
18844398
18844409
18844943
18845055
18845058
18845063
18845066
18845074
18845082
18845084
18845089
18845096
18845097
18845118
18845120
18845153
18845154
18845155
18845157
18845221
18845293
18845298
18845301
18845313
18845318
18845322
18845327
18845328
18845330
18845333
18845334
18845335
18845351
18845352
18845353
18845358
18845359
18845361
18846108
18846118
18846128
18846140
18846148
18846150
18846174
18846223
18846224
18846238
18846295
18846297
18846298
18846300
18846312
18846314
18846317
18846322
18846326
18846335
18846339
18846364
18846365
18846372
18846374
18846377
18846382
18846385
18846387
18846510
18846518
18846519
18846520
18846564
18846567
18846568
18846961
18847198
18847207
18847215
18847226
18847228
18847246
18847249
18847253
18847254
18847255
18847256
18847262
18847272
18847277
18847283
18847284
18847303
18847304
18847305
18847308
18847312
18847314
18847316
18847320
18847322
18847324
18847326
18847329
18847339
18847342
18847345
18847352
18847364
18847366
18847367
18847549
18847557
18847559
18847565
18847573
18847574
18847579
18847580
18847582
18847602
18847849
18847852
18847858
18847866
18847869
18847871
18847886
18847888
18847889
18847903
18847904
18847907
18847909
18847911
18847915
18847922
18848193
18848200
18848207
18848210
18848211
18848213
18848223
18848230
18848257
18848261
18848651
18848655
18848657
18848658
18848661
18848665
18848693
18848700
18848701
18848702
18848706
18848707
18848709
18848730
18848731
18848732
18848733
18848734
18848735
18848799
18848802
18848803
18848813
18848857
18848858
18848859
18848865
18848866
18848867
18848868
18848869
18848870
18848872
18848873
18848874
18848876
18849164
18849167
18849170
18849171
18849172
18849173
18849174
18849175
18849178
18849179
18849183
18849184
18849187
18849192
18849193
18849196
18849198
18849199
18849200
18849201
18849220
18849221
18849222
18849224
18849226
18849227
18849228
18849229
18849230
18849435
18849437
18849439
18849440
18849443
18849444
18849447
18849653
18849654
18849655
18849656
18849657
18849658
18849659
18849660
18849663
18849664
18849665
18849703
18849707
18849716
18849727
18849728
18849730
18849740
18849742
18849745
18849746
18849747
18849748
18849752
18849753
18849755
18849758
18849779
18849781
18849795
18849797
18850443
18863506
18863508
18863509
18863511
18863587
18863600
18863603
18863606
18863610
18863612
18863626
18863627
18863628
18863629
18863632
18863634
18863635
18863637
18863638
18863640
18863645
18863646
18863647
18863649
18863651
18863682
18863683
18863684
18863685
18863693
18863695
18863697
18863700
18863704
18863706
18863707
18863709
18863712
18863713
18863714
18863810
18863811
18863814
18863823
18863824
18863825
18863827
18863829
18863831
18863833
18863836
18863843
18863846
18863849
18863871
18863873
18863874
18863879
18863881
18863884
18863887
18863888
18863889
18863893
18863894
18863895
18863897
18863900
18863903
18863904
18863906
18863911
18863913
18863935
18863940
18863942
18864064
18864067
18864071
18864072
18864073
18864074
18864075
18864081
18864083
18864084
18864085
18864086
18864087
18864089
18864091
18864092
18864093
18864095
18864096
18864099
18864101
18864104
18864114
18864118
18864121
18864126
18864132
18864137
18864158
18864163
18864165
18864180
18864183
18864184
18864185
18864198
18864524
18864525
18864528
18864535
18864536
18864538
18864542
18864545
18864560
18864580
18864581
18864586
18864589
18864591
18864592
18864593
18864595
18864596
18864598
18864601
18864602
18864604
18864605
18864606
18864607
18864611
18864612
18864614
18864615
18864618
18864620
18864622
18864623
18864626
18864628
18864629
18864879
18864880
18864881
18864883
18864905
18864908
18864910
18864911
18864912
18864913
18864930
18864971
18864980
18864981
18864983
18864988
18864993
18864994
18865016
18865072
18865076
18865080
18865084
18865089
18865093
18865107
18865108
18865113
18865116
18865118
18865119
18865121
18865126
18865157
18865270
18865273
18865478
18865479
18865481
18865482
18865488
18865524
18865526
18865527
18865530
18865533
18865534
18865539
18865540
18865541
18865551
18865552
18865553
18865556
18865557
18865558
18865559
18865560
18865580
18865587
18865588
18865589
18865591
18865595
18865597
18865598
18865599
18865601
18865603
18865700
18865701
18865702
18865924
18865925
18865931
18865932
18865933
18865951
18865975
18865976
18865979
18865980
18865989
18865990
18865991
18865992
18865995
18865996
18865997
18866000
18866003
18866009
18866013
18866014
18866016
18866018
18866019
18866021
18866131
18866132
18866141
18866154
18866155
18866159
18866162
18866163
18866175
18866177
18866458
18866461
18866462
18866464
18866469
18866475
18866478
18866479
18866481
18866483
18866489
18866493
18866498
18866509
18866538
18866564
18866565
18866572
18866573
18866577
18866579
18866580
18866581
18866582
18866583
18866587
18866588
18866589
18866590
18866613
18866614
18866629
18866630
18866631
18866632
18866634
18866908
18866910
18866920
18866922
18866924
18866943
18866948
18867050
18867052
18867056
18867057
18867058
18867061
18867063
18867065
18867072
18867073
18867076
18867098
18867117
18867131
18867150
18867151
18867152
18867154
18867340
18867341
18867343
18867344
18867346
18867354
18867355
18867358
18867387
18867391
18867393
18868519
18868539
18868573
18868587
18868595
18868793
18869298
18869331
18869366
18869367
18869530
18869567
18869657
18869660
18869668
18869672
18869674
18869709
18869710
18869746
18869753
18869773
18869879
18869880
18869881
18869886
18869887
18869888
18869890
18869908
18869910
18869932
18869934
18869935
18869940
18869943
18870463
18870491
18870492
18870494
18870496
18870497
18870500
18870501
18870507
18870509
18870511
18870513
18870514
18870516
18870519
18870634
18870681
18870683
18870684
18870685
18870687
18870690
18870691
18870692
18870693
18870696
18870697
18870698
18870699
18870700
18870701
18870703
18870735
18870738
18870751
18870753
18871498
18871508
18871510
18871512
18871514
18871516
18871533
18871534
18871546
18871557
18871560
18871563
18871592
18871611
18871613
18871615
18871616
18871617
18871631
18871632
18871633
18871635
18871640
18871643
18871644
18871647
18871658
18871659
18871660
18871661
18871694
18871697
18871705
18871707
18871708
18871718
18872671
18872685
18872688
18872694
18872704
18872706
18872707
18872708
18872893
18872894
18872903
18872904
18872909
18872911
18872915
18872920
18872932
18872969
18872970
18872992
18872993
18873002
18873019
18873213
18873214
18873231
18873234
18873261
18873267
18873271
18873274
18873275
18873281
18873402
18873488
18873496
18874497
18874500
18874501
18874509
18874531
18874532
18874570
18875846
18875859
18875861
18875911
18924660
19079368
19083063
19087890
19089921
19160636
19164015
19167477
19169250
19171376
19171383
19171384
19171393
19171420
19171423
19193327
19282024
19282250
19282518
19283133
19318682
19563016
19792650
19833614
19833644
19838127
19838172
19838778
19838779
19838789
19838897
19838975
19839157
19839158
19839167
19839222
19839233
19839551
19839640
19839836
19839856
19840305
19840502
19840544
19840879
19841003
19841212
19841569
19841606
19841697
19841750
19841759
19841872
19842019
19842102
19842119
19842227
19842248
19842565
19842578
19842966
19851510
19851626
19851688
19851841
19851868
19852115
19852190
19852191
19852226
19852231
19852242
19852398
19852436
19852448
19852507
19852535
19852758
19852770
19852783
19852948
19853002
19853365
19853399
19853652
19853659
19853717
19853722
19853875
19854172
19855002
19855018
19855019
19856892
19857416
19857719
19857755
19860913
19861113
19861192
19861195
19861223
19861253
19861276
19861323
19861556
19861564
19861583
19861586
19861618
19861692
19861812
19861833
19861891
19861896
19861905
19861936
19861945
19861950
19861996
19862011
19862179
19862197
19862230
19862239
19862357
19862367
19862719
19862732
19862803
19862808
19862868
19862898
20058771
20058830
20156404
20166557
20191380
20192731
20194600
20204364
20207859
20208478
20213018
20214183
20218347
20219094
20221698
20223843
20224718
20271366
20271428
20271429
20271468
20271473
20271475
20271481
20271483
20271811
20271844
20271874
20271883
20271889
20271936
20271940
20271994
20272014
20272149
20272150
20334094
20334156
20334333
20334336
20334338
20334352
20334418
20334472
20334480
20334564
20334569
20334571
20334572
20334573
20334576
20334578
20334579
20334581
20334585
20334590
20334591
20334594
20334595
20334597
20334599
20334600
20334601
20334604
20334630
20334636
20334637
20334638
20334645
20334649
20334650
20334671
20662691
20663987
20663988
20676667
20685662
20685663
20685667
20685675
20685679
20685691
20724571
20725644
20733310
20733699
20733895
20736795
20740715
20740738
20755864
20755868
20755876
20755906
20755917
20755922
20755956
20755960
20755962
20755965
20764197
20776814
20797338
20801100
20801167
20801200
20802477
20824258
20987106
20987120
20987121
20987122
20987127
20994669
20995946
21001976
21006633
21021464
21032699
21032710
21032711
21032728
21032747
21032749
21032783
21032798
21034049
21035358
21038403
21053649
21058969
21076640
21076642
21076668
21076672
21076676
21076709
21076732
21076735
21076737
21077810
21077817
21077818
21102945
8033732
25599311
26093904
27778217
28824852
29289951
30679242
30817420
30817661
30817835
30817953
31080440
16530883
16867827
17389417
17638238
17638993
18731520
18750219
18883971
18887155
19092229
19785472
19791475
19793093
19796196
19797379
19813210
20728105
20731003
20767460
20791169
20791567
20872719
21062611
21186431
26457310
10251680
23755211
23756810
24545806
25254247
25824108
26236297
26321164
26322382
26322723
26323123
26323858
26449514
26454427
26460663
26463014
26465436
26912632
27209868
28376557
28610801
29368058
29376246
29381413
29381918
29384943
29392024
29539289
29540096
29540169
29540189
30565646
30565687
30850464
30888783
18760107
18864276
21203617
21208958
18759947
21204758
28426621
18759915
11564227
11324312
18759931
18760600
18997553
21226999
18864303
28424196
18760024
18867582
28328488
18759918
18759946
18760262
18867395
18760544
17907515
18759917
21205262
21228699
18760154
11144254
24111530
24112733
24114078
27214399
27444904
27517321
18759926
18759927
18759932
18759950
18760017
18760050
18760051
18760052
18760085
18760086
18760087
18760091
18760095
18760096
18760097
18760108
18760113
18760114
18760115
18760116
18760118
18760119
18760120
18760121
18760123
18760124
18760125
18760126
18760127
18760128
18760130
18760131
18760132
18760153
18760160
18760186
18760592
18760605
18760616
18760646
18864115
18864116
18864117
18864125
18864136
18864154
18864161
18864177
18864181
18864186
18864188
18864191
18864192
18864199
18864200
18864201
18864203
18864224
18864225
18864226
18864227
18864229
18864230
18864231
18864232
18864233
18864234
18864235
18864236
18864237
18864238
18864239
18864302
18864304
18864306
18864310
18864311
18864312
18864314
18864315
18864316
18864317
18864318
18864319
18864322
18864323
18864324
18864327
18864328
18864329
18864330
18864332
18864333
18864334
18864335
18864338
18864339
18864340
18864348
18864349
18864350
18864351
18864352
18864353
18864354
18864359
18864361
18864362
18866833
18867337
18867338
18867339
18867342
18867345
18867352
18867356
18867357
18867360
18867361
18867388
18867389
18867390
18867392
18867396
18867407
18867415
18867418
18867420
18867491
18867522
18867527
18867529
18867533
18867543
18867544
18867548
18867550
18867551
18867555
18867556
18867557
18867560
18867583
18867584
18869691
18869692
18869696
18872050
18993690
18993691
18993692
18997548
18997560
18997561
18997568
18997572
18999248
18999345
18999432
19006546
19006554
19006572
19006573
19006577
19006580
19006589
19006593
19006595
19006597
19006598
19006690
19006692
19006694
19006695
19006716
19006717
19006718
19043904
19043905
19043907
21310310
21311193
21311637
21312548
21313455
21313937
21314860
21314899
21315738
21316228
21419561
21472728
21472749
11323133
11324121
11324314
11324412
11324417
11324418
11324425
11564222
11564225
11769989
11769991
11769992
11769997
12645594
21268349
25233228
26192716
28966672
28966814
28967098
30316558
30316604
30320563
26176559
26195666
18587559
7950253
18782351
9982393
9919208
9689187
18786628
18597518
9913127
10054644
10104161
10378868
10828785
23825547
23856105
23896403
23896931
23913566
24028742
24028923
24029077
24029222
24029316
24029503
24258119
24454049
24835659
24840229
24842300
24842868
24858597
24889721
24890067
24948771
24959893
24959909
27575976
27577302
27580337
27825617
27852427
28069868
28088445
28088700
28089686
28277892
28278395
28453352
28453609
28454858
28455075
28458586
28819353
28819751
28820183
28820362
28841614
28941728
28953483
28953557
29052797
29053282
29054339
29057513
29107596
29117070
29354446
29354548
29354761
29512112
29745910
29808685
18530624
18579768
18579789
18579790
18579793
18579797
18579798
18579800
18579840
18579855
18579971
18579997
18580160
18580162
18580343
18580399
18580410
18580411
18580517
18580530
18580696
18580770
18580800
18580802
18580803
18580805
18580806
18580807
18580855
18581017
18581031
18581056
18581067
18581213
18581217
18581224
18581783
18581842
18581843
18581844
18581845
18581846
18581877
18581878
18581880
18581886
18581887
18581916
18581925
18582039
18582040
18582041
18582067
18582070
18582112
18582114
18582117
18582135
18582141
18582144
18582145
18582146
18582756
18582767
18582768
18582769
18582770
18582785
18582786
18582787
18582793
18582796
18583384
18583386
18583393
18583404
18583405
18583420
18583576
18583587
18583588
18583614
18583655
18583663
18583771
18583795
18583798
18583801
18583802
18583813
18584006
18584051
18584053
18584067
18584068
18584078
18584079
18584082
18584084
18584110
18584272
18584289
18584295
18584296
18584298
18584299
18584307
18584319
18585416
18585421
18585422
18585423
18585425
18585428
18585429
18585430
18585446
18585447
18585489
18585643
18585644
18585672
18585677
18585687
18585691
18585736
18585737
18585738
18585740
18585774
18585928
18585945
18585946
18585947
18585951
18585954
18585955
18585956
18585984
18586136
18586141
18586145
18586169
18586171
18587001
18587017
18587176
18587177
18587180
18587497
18587498
18587499
18587503
18587582
18587592
18587602
18587646
18587652
18587654
18587695
18587725
18587739
18587742
18587779
18587782
18587787
18587788
18587843
18588041
18588052
18588054
18588069
18588071
18588072
18588078
18588079
18588081
18588251
18588253
18588255
18595385
18595665
18595704
18595707
18595710
18595722
18595735
18595743
18595748
18595757
18595801
18595803
18595805
18595910
18595911
18595915
18595918
18595921
18595937
18595942
18595944
18595945
18595946
18595986
18595998
18595999
18596151
18596161
18596190
18596214
18596216
18596227
18596231
18596232
18596233
18596400
18597545
18597546
18597547
18597550
18597609
18597765
18597768
18597770
18597778
18597779
18597804
18597807
18597818
18597819
18597830
18597877
18597881
18597882
18597883
18597884
18597886
18597887
18597968
18597996
18598032
18598041
18598072
18598074
18779979
18779985
18780139
18780144
18780149
18780167
18780172
18780173
18781130
18781134
18781139
18781145
18781220
18781222
18781251
18781360
18781369
18781370
18781418
18781458
18781466
18781496
18781498
18781756
18781760
18781762
18781774
18781787
18781790
18781824
18781831
18781881
18781887
18781888
18781897
18781906
18781915
18781935
18781941
18781942
18781962
18781982
18781985
18782012
18782413
18782415
18782416
18782418
18782624
18782633
18782647
18782649
18782651
18782666
18782682
18782697
18782698
18782702
18782841
18782842
18782853
18782856
18782865
18782879
18782894
18782896
18782907
18782930
18782932
18782934
18782935
18782937
18782938
18782942
18782975
18782983
18783055
18783056
18783067
18783069
18784017
18784019
18784029
18784037
18784051
18784056
18784059
18784075
18784079
18784080
18784082
18784083
18784103
18784104
18784121
18784123
18784124
18784313
18784334
18784344
18784355
18784383
18784391
18784431
18784480
18784506
18784522
18784622
18784624
18784656
18784658
18784665
18784747
18784762
18784767
18784783
18785367
18785371
18785428
18785431
18785471
18785477
18785504
18785516
18785524
18785534
18785613
18785634
18785665
18785807
18785808
18785810
18785815
18785833
18785836
18785838
18785863
18785864
18785865
18785873
18785881
18785883
18785898
18786161
18786163
18786164
18786165
18786175
18786181
18786184
18786185
18786187
18786890
18786892
18786893
18786909
18786910
18786948
18786975
18786980
18787002
18787004
18787008
18787013
18787029
18787031
18787032
18787033
18787034
18787035
18787054
18787059
18787071
18787072
18787073
18787075
18787080
18787087
18787096
18787097
18787098
18787103
18787129
18787133
18787138
18787139
18787147
18787150
18787701
18787704
18787705
18787707
18787708
18787709
18787853
18787854
18787857
18787859
18787887
18787888
18787890
18787893
18787894
18787900
18787901
18787903
18787904
18787914
18787915
18787916
18787957
18788019
18788022
18788027
18788035
18788040
18788043
18788044
18788055
18788058
18788061
18788062
18788072
18788074
18788525
18788533
18788536
18788545
18788569
18788570
18788634
18788635
18788636
18788646
18788655
18788656
18788682
18788683
18788684
18788689
18788690
18788692
18788712
18788713
18788733
18788787
18788789
18788790
18788793
18788801
18788802
18788804
18788805
18788808
18788811
18788812
18788834
18788836
18788866
18788899
19860756
19860760
19860844
19860891
19861266
19861568
19861810
19861832
19861859
19861903
19861972
19862873
19863313
19863377
19863551
19870097
19908047
20036721
20056816
20057076
20058048
20297877
20297893
20297910
20474535
20474976
20644312
20659320
20659324
20659371
20659372
20659385
20659388
20659669
20659692
20659768
20662498
20662499
20662512
20662527
20662965
20663000
20663009
20663010
20663144
20663146
20663147
20663151
20663158
20663164
20663223
20663843
20663877
20663932
20665777
20685644
20685647
20685652
20685657
20685677
20685689
20737927
20755861
20755872
20755919
20755925
20755929
20755951
20755967
20755968
20801119
20801121
21260837
21260861
21264250
21417698
21475951
21609802
22095068
22603119
22666393
22667159
22765154
22828246
22863011
22863749
22864407
22865393
22866093
23016970
23016998
23246913
23385810
23405447
23405481
23405506
23405775
23422303
23470115
23470196
23524150
13107433
13319949
14092983
14197254
18787128
18782022
18784018
23711923
10202621
7916847
8185189
8193156
8193955
8194001
8856370
8856413
9009812
9062410
10839124
10935726
10954587
23718987
23780080
23797444
23811563
23814055
23814342
23814387
23815066
23817316
23841870
23856281
23856428
23856430
23856740
23876305
23876356
23898452
23913564
23939278
23939883
23939960
23940716
24381834
24382140
24383905
24384280
24385328
24385372
24415310
24415580
24424616
24437649
24461191
24462060
24462117
24467932
24467935
24474611
24479109
24484755
24509388
24526126
24555196
24575011
24575397
24575812
24583217
24583600
24602298
24606121
24614099
24614595
24642511
24650009
24652446
24652671
24656724
24659341
25043729
25057448
25060520
25063298
25073259
25104294
25108342
25111051
25119546
25140830
25148907
25159136
25164017
25197614
25197911
25198157
25198158
25199177
25209305
25209983
25210302
25210327
25210621
25210830
25232581
25232669
25243846
25247344
25248511
25250667
25253653
25254221
25441726
25441755
25446856
25451475
26240337
26240533
26242896
26243108
26243535
26273072
26290705
26318156
26382453
26384144
26384774
26428670
26431589
26460966
26461636
26466147
26473390
26476297
26644143
26702280
26702693
26703225
26703415
26730497
26731867
26732395
26740923
26751128
26754660
26754827
26755043
26781373
26790252
26790475
26881980
26883173
27430578
27430752
27433532
27438839
27453208
27478664
27481385
27488211
27489531
27493823
27493900
27495092
27575901
27578491
27578726
27741621
27754357
27758280
27760051
27760172
27762466
27773448
27773854
27883768
27891931
27915279
27915429
27917368
27944375
28027238
28030097
28030111
28040075
28078102
28108503
28115009
28602959
28605461
28620718
28621156
28621254
28621748
28627407
28627864
28627873
28634884
28661422
28661594
28691555
28691641
28767179
28774517
28774720
28774839
28775216
28777997
28780676
28780790
28827788
28828131
28828426
28844891
28845211
28849080
28849889
28884543
28885312
28911624
28916067
28926932
28941229
28941885
29781165
29781251
29842329
29849529
29863703
29898980
29899793
29899939
29920648
29926874
29932302
29941736
29979767
30013696
30020264
30042078
30047888
30048172
30050307
30053280
30054899
30056244
30076913
30215995
30278707
30344913
30350715
30350996
30351282
30372017
30377936
30378489
30379725
30381533
30381929
30382467
15555527
15921103
15922488
15972164
16084455
16103277
16103356
16158741
16158914
16163041
16274015
16379774
16379777
16453700
16453808
16454031
17181654
17277314
17373069
17373654
17390577
17419682
17741258
17768766
17889526
18090668
18090841
18143789
18170262
18198075
18221037
18230627
18251956
18252223
18254346
18339232
18402396
18402427
18402647
18402649
18402650
18402788
18402790
18402791
18402792
18402799
18402801
18402825
18402842
18402873
18402887
18402891
18402894
18402907
18403004
18403011
18403013
18403088
18403089
18403118
18403121
18403138
18403144
18403152
18403153
18403193
18403228
18403239
18403249
18403262
18403266
18403339
18404172
18404195
18404256
18404314
18404332
18404335
18404341
18404390
18404394
18404414
18404435
18404437
18404439
18404448
18404450
18404456
18404473
18404498
18404500
18404524
18404537
18404539
18404640
18404651
18404654
18404681
18404683
18404693
18404720
18404721
18404727
18404731
18404735
18404882
18404885
18404886
18405829
18405833
18405860
18405866
18405878
18405879
18406153
18406192
18406194
18406218
18406227
18406237
18406238
18406268
18406291
18406303
18406307
18406315
18406332
18406340
18406341
18406357
18406358
18406376
18406601
18406653
18406654
18406665
18406666
18406686
18406732
18406743
18406745
18406799
18406800
18406821
18407880
18407882
18407883
18407886
18407923
18407927
18408214
18408218
18408219
18408224
18408230
18408233
18408255
18408264
18408271
18408274
18408286
18408287
18408289
18408292
18408346
18408405
18408432
18408433
18408436
18408494
18408505
18408509
18408529
18408603
18408605
18408610
18408686
18408728
18409602
18409603
18410176
18410178
18410241
18410310
18410314
18410425
18410427
18410466
18410469
18410495
18410508
18410514
18410520
18410533
18410538
18410656
18410671
18410693
18410726
18410727
18410733
18410739
18410742
18410807
18410808
18410814
18410827
18410872
18410971
18410974
18410986
18410990
18410991
18410999
18411002
18411006
18413496
18413631
18413780
18413825
18413826
18413953
18414044
18414137
18414175
18414193
18414235
18414236
18414273
18414619
18414657
18414658
18414690
18414721
18414725
18414731
18414732
18414794
18414795
18414797
18414798
18414802
18414834
18414940
18414951
18414966
18414967
18415003
18415209
18415210
18415221
18415222
18416686
18416698
18416700
18416751
18416753
18416916
18416986
18417000
18417054
18417081
18417087
18417102
18417105
18417134
18417261
18446731
18448117
18571875
18571884
18571897
18571906
18571907
18571925
18571929
18571930
18571942
18571948
18572025
18572088
18572099
18572104
18572113
18572134
18572137
18572144
18572157
18573907
18573908
18573910
18573912
18573914
18573916
18573917
18573919
18573954
18573979
18573983
18573986
18573988
18573989
18573992
18573994
18573995
18574010
18574013
18574016
18574022
18574024
18574029
18574051
18574055
18574056
18574058
18574059
18574491
18574502
18574525
18574535
18574541
18574547
18574552
18574698
18575067
18575104
18575106
18575136
18575137
18575138
18575139
18575143
18575145
18575203
18575208
18575209
18575212
18575223
18575241
18575246
18575247
18575250
18575271
18575273
18575274
18575281
18575332
18575333
18575344
18575346
18575347
18575351
18575352
18575355
18575356
18575359
18575364
18575367
18575368
18575370
18689168
18689182
18689185
18689192
18689198
18689202
18689203
18689356
18689451
18689791
18761032
18761050
18761068
18761069
18761072
18761073
18761081
18761116
18761123
18761125
18761127
18761142
18761175
18761176
18761182
18761212
18761213
18761222
18761238
18761373
18761473
18761477
18761593
18761594
18761625
18761643
18763479
18763480
18763530
18763535
18763569
18763577
18763618
18763651
18763703
18763813
18763881
18763882
18763885
18764473
18764480
18764494
18764512
18764564
18764620
18764640
18764688
18764705
18764713
18764717
18764721
18764723
18764739
18764742
18764748
18764749
18764864
18764868
18764912
18764963
18764967
18765028
18766086
18766111
18766113
18766163
18766165
18766198
18766229
18766231
18766269
18766277
18766279
18766281
18766296
18766415
18766416
18766446
18766452
18766453
18766454
18766458
18766468
18766475
18766481
18766489
18766527
18766802
18766809
18766819
18766820
18766864
18766879
18766880
18766906
18766914
18766923
18766942
18767979
18767981
18767983
18768013
18768046
18768049
18768075
18768168
18768179
18768180
18768301
18768317
18768327
18768341
18768348
18768376
18768377
18768423
18768426
18768429
18768545
18768549
18768554
18768564
18768566
18768570
18768618
18768623
18768640
18768649
18768654
18768661
18768669
18768833
18768891
18768900
18770394
18770410
18770413
18770432
18770444
18770448
18770470
18770472
18770476
18770477
18770483
18770498
18770684
18770685
18770690
18770703
18770708
18770715
18770746
18770750
18770769
18770787
18770805
18770813
18770885
18770906
18771139
18771140
18771152
18771171
18771173
18771197
18771226
18771260
18771265
18771293
18772491
18772608
18772635
18772646
18772691
18772694
18773307
18773382
18773610
18773631
18773634
18773638
18773754
18773755
18773761
18773770
18773776
18773781
18773782
18773805
18773993
18773995
18774029
18774030
18774031
18774046
18774047
18774048
18774082
18774142
18774143
18774200
18774206
18774208
18774238
18774239
18775165
18775191
18775193
18775196
18775210
18775247
18775250
18775265
18775323
18775418
18775421
18775438
18776690
18776691
18776720
18776723
18776735
18776736
18776756
18776759
18776764
18776765
18776778
18776788
18776835
18776838
18776846
18776848
18776892
18776905
18776906
18776917
18776919
18776932
18776937
18776949
18802573
18802583
18802586
18802588
18802590
18802592
18802595
18802597
18802598
18802599
18802601
18802633
18802636
18802637
18802640
18802642
18802665
18802666
18802676
18802677
18802684
18802687
18802705
18802707
18802708
18802709
18802711
18802730
18802732
18802737
18802738
18802739
18802780
18802781
18802785
18802819
19844192
19844313
19844476
19844546
19844597
19844645
19844755
19844822
19844841
19845447
19845453
19845532
19845958
19846061
19846119
19846256
19846616
19846752
19846778
19846869
19846906
19847010
19847030
19847062
19847107
19847122
19847140
19847311
19847315
19847343
19847347
19847373
19847387
19847408
19847444
19847453
19849090
19849094
19849099
19849191
19849208
19849211
19849273
19849276
19849278
19849282
19849294
19849307
19849312
19849329
19849388
19849422
19849443
19849471
19849478
19849495
19849537
19849632
19849662
19849669
19849672
19849729
19849851
19849921
19849932
19850013
19850014
19850317
19850334
19850339
19850466
19850490
19857168
19857312
19857313
19857472
19858016
19858063
19858306
19858774
19859390
19859601
19859611
19860139
19860795
19860879
19861233
19861234
19861295
19861669
19861717
19861828
19861943
19861967
19861968
19861976
19862228
19862292
19862323
19862360
19862824
19862869
19862902
19863101
19863148
19863314
19863469
19868747
20660231
20660449
20660465
20660622
20660736
20660782
20660785
20660808
20660818
20661021
20661270
20661319
20661367
20661709
20661849
20661907
20662024
20662027
20662118
20662131
20662250
20662256
20662263
20662277
20662313
20662322
20662497
20662500
20662506
20662513
20662523
20662525
20662536
20662556
20662685
20662737
20896513
20896514
20901224
20933347
20942231
20942233
20942251
20942263
20942264
20942269
20942297
20942301
20987015
20987037
20987061
20987067
20987119
20990723
20992172
20992504
21002194
21002208
21009512
21021018
21023808
21023992
21032708
21032729
21032744
21032746
21032795
21065916
21076673
21076681
21076706
21076707
21406819
21473011
21475409
21480073
21506991
21538022
21540058
21551559
21580549
21580862
21580953
21597199
21597811
21609082
21609841
21616761
22589012
22608173
22663838
22959512
22961151
22962241
22963276
22963527
22985409
22986107
23019648
23078610
23080363
23082741
23083038
23085527
23087488
23096604
23104473
23118335
14086105
14086381
14086771
14101903
14243251
14297244
14297249
18769870
18408723
18407539
18407027
18413212
18413472
19869685
19851019
18760930
20660845
19862266
19857130
18407025
19855078
18763076
18573980
18573918
18574614
18402122
19852121
18766855
19851623
18401652
18409838
31219428
26431080
27556695
29427467
30736282
19597986
24559751
24631847
26202426
26703389
26881647
29218463
19568719
19574955
20043283
8193006
26914491
30895769
7258475
20306058
13311931
13312294
13471103
13484646
13485693
13491296
13537435
13842575
13891192
13940797
13950362
20659909
9976149
10854190
11029283
23725388
23812879
23815982
23900000
23913568
24004701
24035239
24112940
24114128
24317994
24347603
24371183
24378079
24378082
24378478
24389546
24422070
24436941
24464180
24484788
24508402
24544103
24550054
24557877
24561660
24563960
24565530
24567485
24569204
24571451
24573657
24650494
26469088
26476572
26682840
26754813
26755456
26755658
26827142
26830791
26881848
26881937
26885827
26962485
26967375
27204893
27254572
27269106
27430479
27487883
27554835
27575411
27576062
27754990
27892477
27945348
27945663
27945679
28026676
28026751
28109880
28114474
28279899
28349741
28350044
28385940
28406080
28436152
30708347
30708807
30709993
16084422
16084648
16159102
16159322
17279739
17373445
17373446
17889453
18090996
18091171
18221124
18252099
18252159
18337289
18339506
18339519
18451999
18598747
18691685
18691690
18691696
18691698
18691858
18691859
18691878
18691881
18691889
18691891
18691892
18691893
18691898
18691901
18691908
18692674
18692703
18693030
18693037
18693048
18693053
18693058
18693059
18693087
18693097
18693107
18693113
18693251
18693255
18693270
18693271
18693278
18693307
18693308
18693309
18693335
18693427
18693457
18693459
18693465
18693478
18693483
18693486
18693506
18693507
18693513
18693517
18693518
18693533
18693534
18693544
18695148
18695157
18695159
18695219
18695368
18695381
18695426
18695524
18695525
18695533
18695565
18695654
18695656
18695743
18695794
18695832
18695886
18696367
18696376
18696392
18696398
18696405
18696411
18696424
18696425
18696428
18696601
18696607
18696609
18696658
18696676
18696700
18696735
18696739
18696746
18696785
18698124
18698125
18698139
18698140
18698153
18698155
18698158
18698159
18698160
18698162
18698166
18698182
18698184
18698188
18698189
18698191
18698204
18698205
18698206
18698235
18698236
18698237
18698239
18698240
18698254
18698255
18698256
18698268
18698271
18698273
18698276
18698277
18698295
18698297
18698302
18698658
18698994
18698995
18699075
18699082
18699087
18699088
18699096
18699149
18699172
18699197
18699199
18699202
18699210
18699214
18699217
18699218
18699223
18699224
18699227
18699377
18699414
18699415
18699421
18699422
18699436
18699437
18699463
18699464
18699466
18699468
18699471
18699509
18699510
18699517
18699519
18699521
18699927
18699928
18699930
18699931
18699935
18699936
18699960
18699963
18699964
18699966
18699967
18699968
18699969
18699972
18699973
18699976
18699978
18699998
18699999
18700001
18700012
18700013
18700014
18700055
18700056
18700057
18700058
18700059
18700061
18700062
18700063
18700066
18700104
18700106
18700109
18700112
18700843
18700855
18700859
18700864
18700866
18700874
18700875
18700879
18700880
18700881
18700882
18700884
18700889
18700907
18700909
18700910
18700912
18700935
18700943
18700974
18700975
18700976
18700977
18700983
18700984
18700985
18700987
18700994
18700995
18700996
18700998
18701000
18701034
18701045
18701052
18701058
18701346
18701374
18701377
18701478
18701480
18701483
18701486
18701493
18701497
18701504
18701509
18701526
18701608
18701610
18701614
18701629
18701635
18701640
18701641
18701645
18701660
18701665
18701808
18701833
18701862
18701867
18701868
18702071
18702072
18702073
18702074
18702075
18702078
18702098
18702101
18702109
18703085
18703094
18703095
18703108
18703114
18703159
18703173
18703175
18703251
18703321
18703336
18703358
18703436
18703448
18703600
18703643
18703674
18703678
18703680
18703681
18703682
18703683
18703684
18703685
18703850
18703852
18703865
18703897
18703900
18703955
18703957
18703958
18703959
18703961
18703973
18704124
19192597
19221157
19568900
19618031
19627808
19631208
19833563
19833568
19833571
19833597
19833615
19833616
19833695
19833696
19833697
19833717
19833739
19833743
19833767
19833768
19833773
19833779
19833780
19833955
19833956
19833966
19833979
19833985
19834081
19834107
19834208
19834371
19834408
19834431
19834437
19834471
19835524
19835564
19835568
19835590
19835591
19835611
19835614
19835662
19835673
19835677
19835777
19835781
19835782
19835786
19835799
19835800
19835826
19835827
19835839
19835871
19835872
19835883
19835885
19835886
19835890
19835893
19835899
19835933
19835944
19835950
19836180
19836181
19836192
19836198
19836200
19836206
19837457
19837461
19837479
19837489
19837491
19837506
19837531
19837607
19837638
19837702
19837703
19837712
19837744
19837912
19837914
19837915
19837916
19837919
19837921
19837926
19837945
19837975
19837985
19837991
19838081
19838103
19838131
19838137
19838139
19838140
19838141
19838171
19838262
19838304
19838390
19838393
19839821
19839824
19839828
19839834
19839835
19839852
19839865
19839867
19840109
19840124
19840127
19840156
19840158
19840222
19840224
19840225
19840237
19840262
19840264
19840265
19840269
19840274
19840285
19840292
19840306
19840423
19840424
19840436
19840449
19840507
19840548
19840643
19840830
19840871
19840880
19840911
19843131
19843133
19843381
19843581
19843723
19843736
19843788
19843790
19843797
19843834
19843839
19843843
19843911
19843935
19843943
19844167
19844171
19844203
19844210
19844276
19844305
19844390
19844403
19844422
19844427
19844445
19844447
19844474
19844505
19844526
19844536
19844542
19844549
19844552
19844564
19844570
19846335
19846341
19846349
19846369
19846430
19846513
19846520
19846523
19846524
19846527
19846573
19846620
19846627
19846685
19846691
19846692
19846794
19846796
19846800
19846810
19846872
19846874
19846898
19847022
19847038
19847083
19847089
19847098
19847121
19847137
19847303
19847304
19847341
19847370
19847392
19847393
19848578
19848588
19848606
19848608
19848762
19848805
19848824
19848825
19848832
19848872
19848891
19848920
19848929
19848985
19849043
19849065
19849067
19849079
19849092
19849158
19849265
19849378
19849391
19849395
19849529
19849539
19849615
19849630
19849776
19849817
19849836
19849844
19849848
19849861
19849867
19849881
19851608
19851610
19851685
19851873
19852164
19852186
19852225
19852468
19852499
19852506
19852673
19852979
19853328
19853370
19853720
19855337
19857027
19857077
19857360
19857380
19857430
19857491
19857682
19857721
19857766
19858044
19858086
19858148
19858425
19858427
19858769
19859260
19859310
19859394
19859630
19859649
19907627
19908064
20006692
20268546
20374314
20659373
20659387
20659401
20659431
20659502
20659503
20659671
20659672
20659695
20659714
20659765
20659772
20659895
20659905
20659912
20659931
20659943
20659944
20660105
20660134
20660190
20660212
20660214
20660216
20660218
20660236
20660255
20660403
20660470
20660480
20660734
20663209
20663211
20663724
20663848
20663858
20663859
20663882
20663997
20663999
20664055
20685651
20685656
20685676
20685685
20685686
20685687
20685696
20685697
20685699
20689255
20740781
20740860
20740870
20755914
20755935
20777277
20790538
20790579
20801154
20801156
20801168
20801199
20849477
20857378
20872392
20896432
20987128
20992346
21008088
21032726
21032727
21032780
21076670
21076704
21118388
21130489
21130609
21130769
21150703
21175831
21175898
21175911
21175916
21179871
21217734
21217751
21217787
21217788
21259384
21259390
21259409
21260741
21260762
21260798
21260801
21260815
21427708
21609171
21609221
22083738
22791460
22961463
19863374
18810537
18690402
9919594
10841117
24389683
24845644
24855643
25772557
26466260
26467706
26501842
26933399
27576110
28458341
29104213
29106430
29108616
30350446
30379920
18454734
18690124
18690130
18690136
18690141
18690146
18690150
18690151
18690152
18690172
18690244
18690246
18690250
18690253
18690254
18690255
18690552
18690555
18690557
18690578
18690580
18690584
18690599
18690600
18690665
18690698
18690699
18690700
18690701
18690717
18690718
18690721
18690722
18690723
18690724
18690725
18691084
18691090
18691100
18691103
18691127
18691133
18691136
18691138
18691151
18691182
18691387
18698238
18782931
18787527
18810307
18810309
18811317
18811328
18811329
18811536
18811539
18811547
18811549
18811556
18811568
18811581
18811616
18811624
18811644
18811654
18811909
18812230
18812233
18812234
18812238
19226778
19859268
19861166
19863216
19863473
20659923
20661017
20661212
20661437
20663857
20685668
20755954
20801102
20801125
20896440
20896485
20896498
10709117
27720776
29469713
29977163
19458329
23848491
20224003
23848694
20481773
28377584
21019138
16281055
19225317
25103930
23504499
25104823
23504869
27351492
27367595
27374473
25250687
27378019
25251061
14640729
25251920
16282936
26704952
17034955
26933939
18414916
17671645
27378018
19271896
17908587
27767600
18019342
27211256
19774498
23228034
9024034
23829010
23830300
24434603
24443496
24806458
24964625
25133916
25133952
25166919
25247347
25256593
26108518
26392126
27304343
23757508
27403241
23757909
28292980
23855754
28922542
23859828
29057229
23859852
29057293
24429944
29228126
24569219
29525137
24610400
29844226
24610713
29864315
24612497
29906615
24806436
29427454
29525137
29601929
29602658
29721073
29721537
29721843
29722189
29722514
29844226
29864315
29906615
29929582
30235601
30417863
30522360
30522679
30807054
30826170
30833589
30856852
31046371
16436919
17680394
17912255
18412320
19313145
19313148
19320146
19453642
19453992
19456807
19457174
19931075
20004214
20004360
31065004
26978799
7537749
4762936
4832770
4761540
24297697
25899583
4832637
4832792
26199472
4756979
10632560
8546321
26199898
4760087
4832873
25241392
26200138
18812728
14905374
21260784
24297599
4749407
27986401
24288748
27987488
4761541
26198589
10633045
4749405
27765937
10825895
21260786
4759822
10632891
4760424
29361402
9410650
9411646
9412590
9413091
9413403
9414079
9414474
9414767
9415724
9416687
9416845
9417006
9417385
9417910
9418042
9418279
9418647
9419371
9567579
9567582
9567584
9567586
9567637
9603061
9603527
9603880
9604288
9604864
9604937
9605092
9605373
9605644
9605738
9606094
9608591
9608662
9764550
9764551
9764564
9764565
9764571
9764572
9764589
9764771
9764788
9795425
9795559
9795639
9795781
9795877
9796057
9796132
9796297
9796345
9796432
9796698
9801608
9806865
9806951
9807067
9807130
9807206
9807462
9901679
9901689
9920913
10133347
10133576
10133815
10133882
10134807
10135222
10140361
10140380
10140381
10140406
10140494
10140500
10140600
10140601
10140661
10148506
10148507
10148861
10149019
10149020
10149414
10149415
10150243
10150244
10150246
10150248
10150250
10150252
10150253
10150391
10150392
10150568
10150701
10226238
10337411
10337426
10337427
10337442
10512615
10562504
10562981
10634031
10825377
10825858
10825859
10825860
10825861
10825862
10825863
10825864
10825865
10825866
10825867
10825868
10825869
10825870
10825871
10825872
10825873
10825874
10825875
10825876
10825877
10825878
10825884
10825896
10825910
10825912
10998310
11169228
11238958
11238989
11239010
11239012
11239057
11239237
11239238
11239316
24839395
24844298
24944968
25037553
25060106
25061537
25082137
25147434
25153789
25192416
25192595
25196061
25199178
25202910
25203079
25203090
25203091
25203118
25203584
25207093
25225151
25226869
25230504
25233947
25237495
25243833
25245982
25246484
25246543
25432487
25454295
25454566
25455184
25493270
25532801
25535504
26272495
26272743
26273338
26278943
26287102
26287514
26331026
26459196
26470128
26470332
26848212
26850781
26851473
26910438
26915047
26949677
26958243
26958327
26958838
26971801
26982531
26982583
26983118
26983197
26983203
26983242
26983512
27194284
27402647
27402648
27760462
27831638
27834965
27834977
27835107
27835366
29401036
29401111
29401114
29769055
29769502
29770363
29770621
29773936
29774781
29776312
29776793
29788994
29805600
29811449
29816038
29945839
29953963
29964989
29968845
29971006
29973315
30017576
30024474
30026891
30033873
30037896
30041548
30044417
30205733
30660014
30660016
30660092
30660240
30660385
30660483
30660597
4760363
4760364
4760365
4760366
4760381
4760383
4760384
4760385
4760386
4760390
4760454
4761550
4762937
4762938
4762939
4762940
4762941
4832713
4832871
4832872
4832874
4832875
4833343
4833354
4833355
4833368
4862806
4862807
4862817
4862840
4862909
4862914
4862916
4862917
4927039
4927040
17616212
17616868
17762732
17770354
17771637
17772423
18088923
18095150
18096355
18096715
18097107
18097433
18097571
18110043
18110509
18110812
18111277
18359731
18478153
18478529
18478841
18479150
18479965
18591474
18807384
19169239
19171398
19206169
19206170
19206979
19207141
19207292
19207472
19207936
19208261
19208522
19840784
19840811
19840858
19840878
19840884
19840910
19840951
19840952
19841242
19841372
19841387
19841388
19841416
19841422
19841425
19841579
19841666
19841775
19842063
19842103
19842133
19842224
19842718
19843001
19843124
19843555
19843829
19844439
19844471
19844620
19844632
19844843
19845650
19845680
19845969
19846485
19853454
19853574
19853606
19853636
19853732
19853925
19854195
19854197
19854239
19854326
19854574
19854963
19854967
19855011
19855055
19855151
19855239
19855335
19856872
19857403
19857406
19858250
19858315
19858347
19858605
19858676
19858691
19858780
19858787
19858800
19858824
19858837
19858839
19858840
19859271
19859299
19860716
19860732
19860793
19860797
19860892
19860893
19861130
19861147
19861154
19861164
19861197
19861220
19861229
19861264
19861303
19861304
19861308
19861325
19861559
19861575
19861584
19861592
19861623
19861633
19861671
19861688
19861827
19861864
19861874
19861908
19861933
19861938
19861959
19861977
19862231
19862276
20951613
20976332
20977263
21017261
21017262
21017283
21043266
21197041
21260710
21260711
21260716
21260717
21260722
21260723
21260725
21260729
21260730
21260732
21260733
21260734
21260739
21260742
21260743
21260745
21260746
21260757
21260764
21260765
21260768
21260785
21260787
21260818
21260824
21260840
21260841
21260843
13871614
13887999
13900015
13900733
13901256
13905030
14081699
14216875
14218089
14220428
14233114
14234213
14235060
14236027
14237574
14237993
14239324
18236829
26223518
26223724
26223726
26223954
26224089
26224123
19858138
26224731
26441150
27155492
27164759
27162106
27163116
27164137
27163853
27165558
27165545
27166160
26381752
28071758
22754618
7610529
8033731
8318205
8578674
8578914
8578925
8869567
8870048
8870224
8958018
8973060
8973195
9689179
23825212
23990325
24029631
24029635
24030575
24056515
24056539
24056542
24056545
24056563
24056755
24057152
24058506
24086263
24125246
24383932
24389189
24389518
24389675
24390267
25517008
25593542
25595548
25795422
25808987
25908492
26098671
26182533
26226250
26275731
26293219
26348434
26371873
26374386
26378793
26478199
26704682
26728717
26728864
26728900
26728901
26748393
26756510
26789953
26822670
26936572
26940441
26946524
26950582
26954190
26957743
26958324
26963464
27191251
27199534
27208259
28763475
28840438
28884578
28922293
28922421
28953789
28954621
28954818
28960347
28961074
29047273
29047750
29047910
29048088
29048403
29060041
29227408
29231306
29234714
29237098
29245855
29246639
29247588
29291663
29291837
29292162
29292338
29292497
29304402
29370255
29399042
29399355
29402527
29520034
29525783
29527936
30552124
30756441
30763992
30771540
30782318
30833069
30842799
30846122
30856756
31065853
31065945
31113675
14808319
16050508
16055459
16060527
16060709
16061680
16061692
16379776
17216190
17914203
18542159
18542391
18542500
18605693
18605694
18606197
18893988
19327233
19327742
19792626
19792755
19806734
19860491
19940692
22776580
22776726
22957392
22958279
22966974
22988975
23059407
23059409
23059414
23100501
23100523
23270016
23289402
23411730
23414946
23546162
12161017
13281712
13343662
13343663
13367247
13591563
13592029
13672492
13672497
26968616
24483109
24485615
24484882
20324649
10873427
28783277
28883378
28840206
16800900
20263167
20158487
20263613
20169122
28840935
28837520
28877417
28828335
28877613
28834086
28827780
28832598
28839474
28827298
28828403
28828828
28840486
28828328
28828825
28827781
28827784
28828087
28827877
28834079
28828202
28837425
28834066
26067909
26067912
12063336
12063350
12063417
26097640
26167458
26198112
26166462
26166466
26175157
26198109
10824253
26304434
26345319
26320007
12041775
20734584
26304517
12164099
26426993
26379735
26379739
26421330
26420229
26420317
26426641
26386617
26411847
26379706
26334063
26420199
26411869
26420241
20920698
26654293
26743669
29005189
30892759
30804087
30852884
30834019
30893573
29082877
29083042
29082914
29082878
29082879
29083092
29083094
29082758
29083148
29082875
29082915
28996426
29083133
29083135
29006027
30514153
30485426
30485324
30466095
30468811
30465931
29073302
29082684
29081840
29032248
29081835
29082737
29082918
29083475
30748737
30774498
30757563
31036049
31083333
31083335
29237749
29238428
29235834
29236894
29235865
29235874
29212689
29270369
29243372
29222511
29242892
21243721
21318236
21286970
21250023
31098625
31135333
31135231
21595856
23305187
23305167
21581317
21581351
21578558
21595584
21596628
21512119
21544683
21544684
21578620
26990620
26990283
27563280
27019039
27019175
27018985
27017959
27017786
26999544
27017772
26821574
29285114
29351878
29295535
29295168
29386094
18124223
18184123
27017428
26999501
27017689
26990284
26955235
26999611
26999560
27562285
17841543
17830528
17830818
27007401
27017567
18249298
18722827
18805293
27740964
27741798
27080598
27134177
27135174
27098676
29433602
29433408
29434403
29442043
29468711
29434046
27081599
27089297
27070529
27045913
27108417
27089295
27045846
27113357
27047190
27104401
27096157
27096158
27096166
27108468
27095735
27080030
27092033
27108460
27098677
27070562
27098675
27096502
27090670
27066010
27101840
27101844
27134171
27047098
27137249
27046112
27137471
27047097
27101846
27066465
27066240
27130428
27130431
27130792
27124079
27079354
27123399
27079350
27130790
27135455
27135456
27066173
27066176
27137438
27124248
27124250
27124256
27066012
27088798
27089299
27089860
27113329
27079527
27130398
27137223
27137226
27137227
27081619
27147945
27183466
27150750
27183004
27146913
27146914
27150152
27148514
27153381
27146779
27147132
27154323
27153586
27154320
27146128
27180372
27151090
27154312
27154319
27146774
27147600
27153814
27157859
27194486
27213973
27214200
27154297
27153464
27151898
27151206
27151746
27151719
27151742
27146788
27153815
27151395
27151724
27180421
27151727
27153816
27153583
27153378
27146089
27182853
27147937
27153657
27151721
27183462
27151276
27144987
27148506
27154326
27953428
27977423
27974783
27977425
27975030
27977432
27977433
27977429
27864475
27148815
29744863
29683722
29724038
29744859
29744849
29744864
29744867
29744872
29742382
29743109
24485190
24484387
24484190
24484255
24485793
24484393
24485201
24484468
24484866
24484200
24483414
24483743
24485599
24485220
24486026
24484213
24484282
24484118
24485228
24483279
24483214
24486000
24485624
24484014
24484300
29800229
29800226
29893675
24485448
24484398
24484399
24484402
24484405
24484407
24486029
24486030
24485567
24484515
24484518
24483996
24484499
24484527
24484002
24484258
24484491
24484273
24485058
24484276
24482965
24485609
24483765
24484287
24484288
24484289
24482981
24484293
24484294
24484297
24484298
24484301
24484305
24484307
24484308
24483014
24485183
24483276
24483292
24484873
24484879
24483318
24484283
24485426
24483974
24483707
24483968
24484513
24483970
24484249
24483481
24483439
24483759
24484281
24484809
24484296
24482992
24484304
24485430
24483708
24483747
24485053
24484338
24483978
24483284
24483288
24484565
24484877
24483315
24484883
24484284
24483329
24484381
24484383
24484385
24485180
24485783
24486056
24485440
24484535
24486068
24485451
24484397
24486003
24486031
24485471
24484418
24484420
24485770
24485644
24484429
24484433
24484442
24486037
24485775
24486050
24486052
24485785
24485509
24483938
24485516
24486064
24484205
24485807
24486073
24484476
24485540
24485542
24485811
24483988
24486066
24484252
24484525
24484526
24484496
24485606
24484219
24486043
24483268
24484471
24484814
24485555
24484564
24485196
24483417
24486049
24484881
24483473
24485443
24485221
24485231
24485242
24485778
24486038
24483216
24485782
24485786
24485666
24483710
24483718
24483752
24485441
24485569
24484548
24485217
24483326
24485602
24485800
24484766
24485613
24486042
24483711
24485584
24484786
24485143
24485589
24483489
24483490
24483756
24483508
24485621
24485385
24485453
24484867
24483313
24483320
24483327
24483330
24483335
24485206
24485164
24485619
24485181
24485449
24485457
24485996
24486007
24482854
24486011
24484425
24484426
24486027
24486034
24486035
24484330
24485792
24484077
24484470
24484880
24484245
24482993
24482995
24483973
24486062
24483990
24483009
24483012
24483486
24484431
24484268
24486058
24484203
24485769
24484450
24486010
24484411
24484214
24484217
24484260
24484732
24485588
24484707
24484227
24483953
24486032
24483271
24484233
24484235
24484224
24483499
24483282
24484486
24483501
24482848
25498193
25518079
25512414
25518022
25775234
25775667
25775210
25775213
25774816
25875593
25908382
25875538
25774818
25775674
25775263
30028683
30028609
25933851
25866679
30263881
30219379
30219382
30218069
30265216
30231547
30220153
30223787
30238376
30235826
30218006
30231306
30231308
30028496
30234694
30219474
30241963
30341528
30340694
30303758
30340724
30300002
9886813
28599893
28600745
28610803
28600318
28601646
28601648
28627213
28610671
28626519
28626541
28580129
28654626
28744170
28658311
28658312
28691100
28771970
28675275
28749637
28684065
28658219
28706347
28677075
28675276
28705432
27380227
28751625
28705930
13801159
13672977
13476837
13672693
13483518
27481711
27400682
27427180
27153946
24484204
29808561
29808570
27546830
24483004
29082760
27839814
29086227
29086238
27839813
29086229
28743344
28611255
24483509
27172871
25521974
24482986
27153949
24483505
27153950
27172869
28349629
24483703
24483715
24483726
24483500
24483341
24483507
27154090
27391333
23743513
23743997
23744248
23744338
23750427
23791210
23936244
24511238
24511628
24511672
24512035
25794694
25885548
26097337
26243564
26258269
26259930
26265200
26268087
26272259
26332201
26337763
26444369
26681149
26685838
26688958
26689315
26694635
26694952
26695032
26695454
26695742
26696532
26696794
26696993
26699204
27550234
27560384
27565651
27571443
27577092
27578376
27580105
27738641
27740131
27748413
27749770
27751436
27756012
27767214
27768558
27770475
27770648
27771074
27772114
27776714
27778056
27779058
27779059
27779077
27809122
27811238
27814930
27816267
27817367
27817673
27817674
27817802
27817818
27817908
27818918
27819135
28819125
28821895
29048605
29050662
29050894
29059240
29081268
29242773
29243172
29402816
29403179
29728314
29742745
29814455
29816939
29869217
29964686
30545356
30545656
30546033
30546320
31040242
31040459
31041346
31041523
31041882
31042699
31044387
31046952
31047740
31048350
15164085
15165249
15363400
15489204
16035520
19553851
19556085
19559047
19559922
19562490
19685999
19843139
19851381
19941393
19941547
19941679
19945750
19945789
20484260
21208777
21228024
21233869
21237659
21238293
21241117
21247506
21249730
21265328
21266824
21268501
21382806
21389302
21394886
21455202
21467391
22741818
22746895
22753918
22759526
22819339
22952336
28462484
19579836
23753019
24475720
24482569
26189667
26190853
26191498
27768095
27768672
28435280
29791299
30706338
18458057
18464542
18469351
19810738
20269711
22929636
22944546
8958020
8958021
8958022
8958023
8958024
8958025
8958026
8958027
8958028
8958029
8958030
8958031
8958032
25016197
8958033
8958034
8958035
8958057
8958058
8958060
8958061
8958062
8958063
8958064
8958065
8958066
28783213
8958067
8958068
8958069
8958070
8958071
8958072
8958073
8958074
8958075
24600757
24602357
24606919
24607441
24609558
25016197
28384722
28385646
28783213
30227445
30229620
30229865
30229989
30230127
30230311
30230436
24523668
24509666
25159274
25644999
25645751
25646042
25648157
26433653
26939631
27257904
27351473
27351594
27351595
27351795
27352119
27862203
28045099
28046613
28047486
28089685
28107772
28110454
28291534
28405835
28407005
28672814
28762155
28884507
29524843
29896773
18201435
18421260
18421841
29523952
29524346
29524371
29524463
29538888
31400159
8412902
25412953
26114880
26115664
26157451
26164827
26656033
26821596
27446240
28382026
28382117
28632243
28707041
28707091
28707113
28707831
28707845
28863231
29106772
29247333
29478453
29478633
29562162
29973866
30293599
30293813
30504957
30513441
30516531
30519143
30525689
30582547
30777557
30816814
30823587
30824636
24955867
8087726
7872364
8516252
7985051
6826430
23368889
24335703
19150789
20324951
18207358
20324912
8033727
8033730
23853898
23854035
24267495
24541579
24542058
24562169
24980976
25240618
25429110
25659235
25762163
25801600
25802249
25802304
25856972
25870077
25913509
25913785
26060171
26060792
26061097
26061377
26061616
29964653
30043269
30044010
30044332
30047254
30047408
30520821
30521065
30521177
30544897
30545119
7469850
15917000
15919276
15919528
15921114
15921115
15921116
15924617
15924993
15925719
15925752
15926010
15934037
15934296
15986966
15987296
16096014
16097045
16455538
16455540
17077730
17078012
17427280
17430084
17433043
21581564
21581654
21581656
21616787
21616818
21675538
22545005
22555053
22955875
23238546
23238851
23270404
23367348
12947203
13072973
31422950
21405069
25075191
27779155
24886835
24889593
25049084
25074724
25074860
26387598
26387689
26388011
26433921
27970401
27972560
28998986
28999634
29000886
29002203
29004233
29006627
29009614
29012672
29044374
29280384
29280407
29281441
29281573
29459650
29459822
29901816
30771171
14589045
16440381
17439351
17439353
18812018
28125197
28125237
28954146
29477656
29517056
29546404
30518455
19808409
23378477
12063167
10096619
10096883
10098939
10099147
26115394
26115410
28415495
29116100
29116345
29152412
29152815
29152847
29152882
29561429
29561574
29561853
30787048
17909137
17910256
17910303
21243807
21322829
21322894
21322945
31480930
31478903
23745314
27973953
27471266
27471410
27471364
27471094
27471171
27471344
27471345
27471095
27887527
27887464
27471125
27471349
22832787
22832983
18463329
