18460608
20793275
18410089
18448884
23105731
10621438
29271535
18897214
10739406
21004039
28947937
20795693
20990927
30835553
18504380
28948312
12431662
20849793
18566480
19137904
10932249
30035614
21016030
11312866
24295393
22901786
18471804
26780724
21124732
11080474
27972134
21054446
10026737
10892929
10932202
21123678
27446653
18409993
18467912
30835664
21102388
18563187
18502264
21122264
21121711
21122055
18474012
18499680
18501324
21059971
21122140
29203049
21125343
18974114
18500681
21120388
18500175
10143050
24280474
20793101
29620809
23990609
24019604
21065875
17663023
23969104
20920838
23689417
25598707
27367026
28708817
18971506
21073546
22866411
28909222
21015059
20797021
17678483
9666666
25958324
28249250
18475431
21124801
23227303
10024164
24292262
29032008
18468985
22235051
23238312
17678620
18501166
10932351
18518441
18827471
18923325
21355303
10340700
10932087
27088377
18503856
18841478
18973468
26753204
18479609
19139872
21123218
18500288
21057396
21058923
21209005
11033264
21053666
21097700
22594115
23298826
11311066
10143019
28778807
14830604
14830781
17272348
18500400
20815583
21060546
21120690
21121906
21124812
21210792
13729215
10149823
10932355
24299503
25875674
14830701
18499602
18501146
21062021
21122214
21122895
21124931
11312870
19138040
23686904
9718250
9718262
9724782
9869914
9872039
10024201
10024226
10024297
10024543
10024678
10026455
10026537
10026542
10026556
10026557
10026558
10026569
10026598
10026718
10026750
10027057
10027060
10027073
10094761
10094762
10094764
10094765
10143362
10143396
10143441
10143533
10143565
10143633
10143642
10143723
10144109
11080547
11100139
11153890
11153891
11153908
11169652
11214918
23681864
23682032
23684864
23685707
23686260
23687373
23707956
23708320
23708445
23708577
23708757
23709323
23709516
23709810
23710188
23710339
23710574
23711051
23711516
23712725
23713695
23715036
23715951
23717372
23718379
23719100
23719871
23721389
23721800
23890938
23897912
23902433
23903821
23905397
23906769
23909380
23911012
23914962
23916599
23921144
23923715
23926475
23928643
23931034
23932609
23961720
23961997
23962191
23963622
23967473
23968024
23969915
23972840
23973345
23974516
23975003
23975973
23976391
23977627
23978891
23979859
23979874
23986714
23987464
23988250
24018723
24019290
24020858
24021420
24049681
24049790
24049961
24050065
24050070
24050266
24050544
24050631
24050824
24051453
24051516
24051641
24052049
24052067
24052077
24052607
24053306
24053749
24054143
24054285
24055052
24055887
24055993
24056434
24056437
24056980
24058284
24058470
24058772
24059116
24059180
24059486
24086854
24087272
24088410
24089086
24089398
24090455
24091329
24092251
24092824
24093452
24093947
24095312
24095875
24096412
24098051
24098700
24099352
24100507
24100932
24101250
24102193
24102246
24103194
24103817
24104601
24107002
24108333
24109587
24110395
24111246
24112181
24113974
24114728
24115033
24123454
24279728
24303205
24352100
24431837
24674171
24908719
25121218
25148979
25370310
25370320
25370323
25370344
25522659
25522876
25525184
25583336
25583704
25583869
25584295
25584550
25585300
25585552
25586549
25586809
25587161
25587879
25588209
25588835
25589547
25589872
25590381
25590781
25591506
25592311
25592367
25593016
25593736
25619581
25619792
25620792
25621008
25622058
25622506
25623371
25623956
25624849
25626534
25627105
25631258
25631973
25635186
25636769
25638467
25640737
25643349
25756713
25757095
25757530
25757773
25757915
25758530
25758991
25759585
25760517
25761495
25762159
25764495
25765765
25766690
25767551
25768551
25769457
25770194
25957933
25958567
25958828
25959408
25959650
25960200
25961022
25961243
25961684
25962677
25963421
25964208
25964780
25966266
25967295
25968165
25968614
25969796
25970381
25971232
25971459
25972291
25972895
25973587
25974147
25974468
25974990
25975670
25976234
25977095
25977687
25978147
25978667
25978791
25979342
25979697
26241191
26242458
26243072
26248987
26249515
26250309
26250707
26318409
26318792
26319050
26319856
26321011
26323047
26325235
26326351
26327532
26328581
26330212
26331609
26336335
26337416
26342208
26343053
26343779
26344275
26416558
26416976
26417489
26418189
26513285
26786818
27026438
27088375
27088431
27088434
27088436
28447016
28476284
28476439
28477001
28477206
28477421
28477459
28477689
28477808
28477928
28478059
28586936
28586945
28586952
28658176
28659281
28660307
28661114
28666492
28667474
28668249
28669418
28671231
28679780
28680899
28682285
28683334
28685081
28686382
28687675
28690982
28691732
28693658
28695904
28698751
28702002
28778899
28781149
28782822
28784240
28786865
28790647
28787863
28816085
28816678
28817270
28819090
28822624
28824646
28825325
28826951
28827073
28827987
28828140
28829056
28829563
28830676
28831365
28831820
28832256
28837069
28837256
28838038
28838083
28839219
28839476
28840111
28841476
28842537
28842671
28843472
28843680
29462584
29463745
29464288
29464947
29466363
29467789
29468379
29469061
29470296
29471576
29472631
29473229
29473995
29474535
29474984
29475658
29476991
29477664
29478688
29508474
29515612
29519541
29519881
29520356
29521910
29522320
29522736
29523677
29524570
29529314
29529564
29529816
29530028
29530335
29530699
29531004
29554044
29554764
29555389
29556034
29613095
29613100
29620804
29620812
29620814
29620816
29716915
29793995
29795308
29817768
29886034
29928861
29933536
29966813
29970653
30216574
30217145
30218073
30219494
30232436
30236497
30239780
30240091
30297686
30342022
30428874
30429964
30546497
30551451
30552917
30618648
30618886
14830616
14830617
14830618
14830619
14830620
14830622
14830630
14830631
14830632
14830634
14830643
14830644
14830647
14830649
14830651
14830652
14830653
14830654
14830655
14830656
14830657
14830659
14830660
14830661
14830662
14830663
14830664
14830665
14830666
14830667
14830689
14830692
14830694
14830695
14830698
14830700
14830897
15222409
15584990
15710285
17196672
17253290
17253447
17253661
17253682
17254159
17254227
17254663
17254994
17255144
17255439
17255729
17256268
17256722
17256756
17256904
17256931
17257169
17257386
17257518
17257885
17258092
17259921
17260103
17260293
17260474
17260613
17260998
17261716
17261842
17262073
17262350
17275043
17275791
17275826
17276362
17276607
17276892
17277005
17277110
17277172
17277220
17277442
17663025
17663073
17678618
17678646
17678662
17678672
17678692
18193523
18391842
18407276
18409936
18409948
18409971
18409999
18410101
18449152
18449625
18449774
18457270
18457519
18457563
18457567
18458599
18458664
18459000
18502951
18502965
18503148
18503500
18503597
18503724
18503847
18503871
18503968
18504013
18504108
18504234
18504467
18504473
18504510
18504696
18504974
18505056
18509681
18509791
18509792
18513710
18513930
18518390
18519126
18563009
18563652
18566091
18577524
18584070
18721388
18831493
18837483
18880971
18970252
18970257
20849964
20850274
20850280
20858821
20866073
20871907
20872420
20873402
20874200
20874694
20902827
20906068
20918322
20919235
20920095
20923514
20924743
20926041
20927595
20989786
20990936
20992520
21001469
21001750
21006915
21008202
21035341
21037232
21039768
21050928
21052808
21055247
21056347
21057005
21059909
21065565
21194181
21194206
21194225
21194238
21194247
21194255
21194323
21194329
21194334
21209220
21308387
21308395
21308404
21308424
21308430
21308439
21308446
21330730
21330743
21330763
21355291
21355296
21355330
21355336
21355359
21389600
21450273
21511553
21511660
21511677
21511735
21511799
21511815
21511839
21550275
21550332
22854516
22854645
22855506
22855867
22857046
22857070
22857652
22858252
22858291
22859139
22859698
22860365
22861273
22861288
22862248
22862864
22863612
22863865
22864223
22864773
22865045
22865302
22866416
22867454
22867802
22892067
22892350
22892528
22892772
22892939
22893211
22893292
22893554
22893868
22893964
22894234
22910545
22910907
22916113
22916697
22917167
22917454
22917477
22918057
22918158
22918233
22919453
22919990
22920122
22920319
22921318
22921499
22922164
22922535
22922823
22923120
22923205
22924309
22924382
22924722
22925270
22926066
22926278
22926488
22926870
22927371
22927864
22927977
22928401
22928948
22929914
22930845
22954264
22978785
22978912
22979002
22979139
22979306
22979591
22979917
22980360
22980445
22980647
22982103
22983528
22984129
22984225
22984596
22985106
22985142
22985732
22986757
22987996
22988785
22989382
22991447
22992003
22992743
22993140
22993355
22996914
22997173
22997691
22998239
22998583
22998997
22999951
23000509
23059593
23060448
23060851
23062027
23062295
23064011
23064619
23065248
23066804
23075556
23076978
23077326
23077690
23078590
23078959
23080501
23081190
23081927
23082385
23083018
23084486
23085073
23085542
23085594
23086403
23086733
23087094
23087485
23088409
23088847
23089089
23090632
23091298
23092771
23093261
23094387
23244891
23245965
23246280
23246793
23247711
23248115
23248532
23249154
23249542
23250057
23251137
23251830
23252654
23296307
23300338
23387569
23388188
23389660
23390289
23391482
23392273
23393091
23393741
23394649
23395128
23395547
23396575
23397283
23398550
23398784
23399556
23400923
23402589
23403298
23403748
23404707
23475694
23474668
23476305
23472975
23476325
23477857
23478713
23478833
23481090
23482267
23482619
23483776
23484336
23484744
23485926
23486412
23487539
23488029
23489167
23490250
23491170
23491760
23492292
23492822
23493461
23493686
23493928
23494777
23495328
23496057
23496987
23497898
23497972
23499008
23499150
23499502
23534386
23534438
23535581
23535735
23536445
23537109
23537179
23537309
23537622
23538141
23538778
23538806
23541317
23541773
23542484
23542873
23542884
23543366
23543470
23543864
23543956
23544207
23544231
23544732
23544820
23545053
23545104
23545811
23546046
23546439
23547103
23547488
23547972
23548457
23549665
23549672
23568633
11311044
11311045
11311047
11311048
11311049
11311050
11311051
11311055
11311065
11311067
11311068
11311069
11311074
11311080
11311087
11311088
11311089
11311090
11311091
11312850
11312851
11312852
11312853
11312859
11312862
11312863
11312864
11312865
11312867
11312868
11312869
11312871
11312872
11312873
11312874
11906919
11906921
11906922
11906923
11906924
11906927
11906929
11906933
11906935
11906941
11906942
11906943
11906944
11906945
11906946
11906948
11906949
11906950
11906951
11906953
11906954
11906955
11906956
11906957
11906958
11906959
11906961
11906962
11906963
11906975
11906972
11906986
11907018
11907019
11907022
11907024
11907108
11907110
11907114
11907116
11907117
11907118
11907119
11907120
11907121
11907122
11907123
11907124
11907126
11907127
11907128
11907130
11907132
11907133
11907134
11907136
11907138
11907139
11907143
11907144
11907148
11907150
11907154
11907156
11907157
11907158
11907162
11907164
11907167
11907170
11907175
11907180
13079225
13079227
13079257
13079265
13079387
13079525
13079539
13079586
13079588
13079589
13079636
13079637
13079642
13079663
13079669
13079707
13079709
13079717
13079735
13079893
13079917
13079921
13079964
13080745
13080778
13080788
13080812
13080853
13081201
13081365
13081390
13618986
13671110
13729368
13729398
13729703
31230120
31199060
31199056
31199038
20816531
21123231
27088429
21057719
28914342
21001958
24021426
29620806
28586933
28586927
13794870
13794741
26675065
31096199
29930476
31080330
30824596
29276225
29272678
28947573
29272050
29273151
28934439
28935862
30762266
28946487
28941242
31538551
28921983
24287496
24287392
24285744
21355351
22851184
22855943
22899113
22954284
23301192
23445985
13330389
13670100
31204258
31204244
31204254
31204248
31204256
31204246
31204252
31199032
31199048
31199034
31199058
31230065
31230087
31230076
31230115
31230121
31230082
31230126
31230129
31230131
31230080
31230063
31230113
31230067
31230078
31230089
31264803
20145850
20145862
19569558
20145926
20145868
27950511
22080807
20145924
21109738
20145930
24181040
13652727
20145872
26869128
19500366
20145902
20145898
21417673
10629424
11215906
23050912
20145928
20145904
21297188
19885722
21415500
20145900
19481102
9738630
21692345
23198913
13477411
20145880
22617915
23421817
15931586
19366674
24511337
24276614
22626931
22541957
15993670
16968334
22874563
15447065
19481986
30326620
4908093
20145906
10790121
21411175
21232312
11020680
3816904
11072418
10903106
23196801
2320404
7295373
10219031
21651973
21410539
6698434
10359477
10565670
9247712
7872374
9048648
10952484
2974639
6052634
21410865
19559924
27811184
25556088
20145860
4075891
14737186
20145884
20145908
10756904
20145848
4914969
14494439
20145838
23426921
13117968
14607053
13685924
20145876
20151348
23135387
24343553
13269571
15934948
23739411
2244147
19569563
20145886
18880182
18878456
23191854
23203141
11624516
13106224
22604745
25521855
10539756
9378544
9423597
10897599
17205000
11521043
11521046
11525995
9350562
27266363
20773576
13477529
18355020
27271973
15759326
19726933
27841442
29387811
20145910
29387824
29387813
29387830
23719171
28888889
19502225
2424416
29716196
10456958
4978201
21136381
8622638
13116940
9748985
20145918
20145916
20145840
20145888
8432208
8441794
8441979
8493803
8493986
8494256
8494435
8494567
10276566
8494580
8494588
24773729
8494686
8494696
8494756
8494763
8494769
22745799
8531387
8561803
8561812
8562137
8565813
8565815
13116502
8566007
8566019
27750325
8699570
8699575
8701860
9075126
9075762
9076909
9077427
9077430
10272008
10272265
10272320
10272473
10272517
10272603
10272672
10338806
13600439
10342482
10359486
10360211
10360241
10360320
10360508
10388286
10406297
10450219
10451815
10451841
10456972
10456974
10460720
10460739
10482765
10532938
10539843
10539909
10542394
10542440
10542441
10542442
10542443
10542447
10542450
10542451
11098349
11098939
11144728
11215127
11243122
23637527
23638116
23692150
23736022
23744080
23830847
23837239
23882103
23928483
23928510
23931676
23935033
23935060
24235699
23935620
23935626
24486841
23936174
23936191
23936221
24058432
24059920
24061873
24067630
24107662
24202540
24202970
24203135
24203196
24203265
24203342
25063760
25152678
25153505
25217288
25217558
25410038
25410931
25413822
25444100
25512333
25518650
25519163
25519963
25520258
25521304
25521937
25555464
25584367
25584651
25584809
25584965
25585160
25585235
25585357
25585417
25585540
25586015
25586553
25587320
25587886
25588195
25588561
25588774
25589087
25589335
25589774
26437165
26439595
26440728
26444033
26450544
26450684
26450906
26451821
26451914
26613260
26557700
26642338
26866935
26868108
26870269
26942329
27007277
27095888
27243169
27244668
27245329
27265898
27317499
27317981
27318341
27390847
27554786
27555684
27557411
27558761
27561222
27571131
27577989
27602791
27635567
27802869
29555329
29573417
29573874
29576138
29576616
29576863
29577252
30030342
29715547
30034682
30034464
29721538
29731137
29792168
30963591
29852303
29925314
30033664
30033548
30029513
30037048
2743277
30053989
30094904
30096038
30104327
30178081
30178155
30286745
30290095
30293812
30385352
30388514
30396301
30450380
30458079
4093529
4199448
4199751
4212835
4280241
4280415
4560224
4715505
4854494
4854500
4914974
4915181
4915186
4934186
4959147
4976277
4977675
21684227
4981151
4981417
5355718
5355728
5355734
5355738
5355744
5355747
5355753
5355755
5355763
5355785
5355886
6061997
6061999
6128113
6352373
6871982
14512139
14514445
14517130
14520171
14526722
14527930
14527979
14529024
14530379
14531518
14531969
14535477
14536231
14536912
14541027
14544820
14595944
14597679
14607033
14607034
14607039
14607057
14607271
14630661
14631648
14687382
14688188
14732357
14733616
14773301
14779057
14779063
14779131
14798056
14799905
14803359
15755255
24656426
15894411
15900406
15955262
15961269
15987494
24611302
16035933
16046822
16048271
16051600
16058864
16078787
16087455
16092729
16099605
16102408
16103993
16105849
16288280
16334570
16336766
16340523
16341669
16344061
16360471
16361832
16362479
16369381
16370155
16415749
16422823
16423844
16424541
16429160
17389052
17395934
17397420
17397812
17410713
17431832
17445265
17445422
17470924
17610926
17677388
17680400
17698224
17699091
17699188
17699426
17700266
17727747
17739972
17748290
17827610
17827687
17827967
17839008
17892177
18113507
18427664
18429150
18477841
18480200
18601722
18693045
18693277
18707555
18719422
18720486
18882111
18887439
18938271
18944007
18944713
18945289
18947600
18948179
18948757
18949337
18950792
18959834
18960779
18961826
19036896
19086056
19087536
19089470
19090368
19091834
19092930
19224532
19227083
19228030
19365582
19422549
19449981
19479816
19484227
19507102
19512653
19543053
19554378
19619742
19660278
19660287
19874347
19877650
19880626
19905697
19906307
19906923
19907561
19907613
19908224
19908226
19909618
19913042
19914711
19917089
19917679
19917703
19918492
19918954
19919992
19920586
19920614
19921363
19921559
19922480
19928584
19928618
19929006
19930787
19931775
19935897
19937095
19938395
19939007
19941048
19941303
19942304
21140026
21140731
21141309
21193134
21244844
21301468
21358228
21457908
21464076
21466050
21474345
21474656
21476624
21476631
21560104
21592672
21592931
21633559
21633586
21633634
21634133
21634156
21634192
21634215
21634242
21634252
21637818
21637833
21637863
21637917
21638025
21638049
21638076
21638131
21638193
21638249
22549063
22554178
22588865
22589006
23236648
22604231
22605477
22605929
22606820
27567968
22608189
22609361
22611425
22612722
22617888
22617918
22677473
22679803
22680461
22682549
22683396
22884082
22885516
22885523
22885533
22902381
22902383
22902385
22902393
22902399
22902405
22902494
22902542
22902575
27528569
22902686
22981615
23004210
23023523
23047633
23047770
23047862
23047909
23048003
23048049
23048187
23048215
23048265
23048391
23048414
23048467
23134858
23135131
23135535
23135944
23135973
23136060
23136070
23136155
23136163
23136170
23136183
23136198
23136216
23136225
23136235
23205062
23205473
23208232
23208691
23208835
23364957
12128058
12128125
12128154
12128542
12128551
12128606
12129411
12135455
12213287
12262705
12265761
12290431
12300638
12347309
12348809
12353890
12514858
12903944
12905684
12921023
13036753
13074459
13075025
13075029
13078776
13103606
13147662
13181614
13277735
13296920
13466203
13470491
13470505
13470509
13470521
13470524
13729291
13729662
13729681
13729777
13730304
13771163
13794921
13796269
13800571
13813065
13813462
13814119
13815530
13817521
13821391
13832085
13839253
13840226
13840859
13841538
13842378
13843202
13844729
13845266
13847051
13847958
13848905
13861473
13872432
13875901
13876394
13877122
13877756
13879178
13880878
13881505
13947961
13950097
13950199
13952793
13956813
13957302
13958254
13973870
13981776
13985109
13985172
13993571
13995346
13997923
13998438
13999437
14001310
14001652
14005751
14024405
14063000
14081388
14083240
14086055
14086389
14086986
14088084
14090432
14109218
14144825
14242329
14247213
14298962
14312088
14312352
12350593
20743450
31170779
13470517
31404214
31404508
26422776
26448291
27823207
10738681
29619832
31426283
8386100
29838563
10807011
7930552
7850014
8209303
21875251
21871965
21670883
21873175
18878811
19487685
16913679
12300790
7326446
9560531
19489639
7298503
18879120
19488885
9560180
7381192
20055934
19488350
7326441
27940118
27920796
27985748
20027183
20036178
20040433
19800498
25872373
19790574
19798519
19803154
19792451
19795600
19834530
19804078
15818587
25985343
23422174
24060536
13929820
31451238
31453649
31360804
31455361
10142935
31453041
31456417
31487314
31490748
31460348
31360545
31359449
31359628
31359922
30573681
30572738
9887240
9889211
9907938
9907977
9908088
9961930
9962969
10152137
10161346
10220291
10220586
10715591
10724880
10739843
10764396
10980152
24854588
24757178
24840406
24473451
24228210
24301608
27545655
27758612
2584655
29244805
2763676
3600544
4198143
4386046
4854496
4854498
4854501
4908342
4924594
4924711
14778971
14779138
14779140
14819221
15381039
15618750
15628221
15915573
18806815
18807538
18963424
19036770
19037485
19315121
20003676
20744025
21348817
21349387
21638107
11373000
11661586
11662493
11755466
11755524
11801017
11978143
11978445
12128541
12348608
12349152
12355894
12355973
12439761
13015267
13173286
13187468
13585784
13579305
31314110
19934831
19922573
19922492
19920509
31381512
31418668
9092380
31420201
16036793
31427838
31169993
28116041
12656122
13256322
31482648
31481986
31465933
31179901
23426617
31516648
31516872
31520049
31526749
26339448
26339440
26339477
26339465
17857619
8653686
10540792
2005781
26452275
8575131
11661814
23399987
29577091
20171014
26339459
26339436
8575130
2424418
8133508
19134714
5260698
14264134
28959831
27716003
10766960
10542231
26339480
26339494
17618088
26339484
10756227
26339452
28958836
23671744
23137535
29545747
8577377
2071150
26775699
16092516
2071158
18081721
17617894
2071152
2071157
2138944
20176185
4078340
10756220
27929744
26339467
21202017
8577389
2424420
26339491
27926753
23400000
29547504
15455972
27901343
25887094
25856608
8577366
25934349
28330291
10882968
19214700
20043768
23399999
7607404
8577360
26090492
8577361
10096246
20172082
21617494
26825708
23671803
23671743
8390348
19134896
20174595
2005861
25968160
28056571
27539607
27716326
27997050
7967218
7991715
8442560
26796688
27983132
20048190
20172547
30030077
2071151
9533131
10754754
27826810
27908356
19988324
21617221
24341528
6533700
27715925
11747650
8879562
20293690
23228012
26353447
23671819
23671831
26339444
26339461
26339470
26339463
27546546
27548683
2005762
27722675
27751366
21617468
7608045
7610613
7610793
7611290
7780163
7780165
7926568
7926571
7966579
7966637
7966638
7966639
7991511
7991512
7991548
7991550
7991553
7991720
7991744
7991750
7991751
8878984
8880470
9377502
9393805
9393814
9393828
9393838
9393839
9393841
9393852
9393855
9393858
9393861
9393870
9393871
9393887
9393907
9393959
9394019
9394043
9394070
9394129
9394147
9421597
9421600
9421608
9533132
9579474
9625142
9625150
9648008
15405230
9670123
9676806
9678195
9678424
10567880
10578082
10612346
10623712
10641612
10754174
10754520
10755257
10755433
10755903
10756172
10756221
10756223
10756232
10756237
10766874
10766906
10834644
10834656
10834696
10834699
10834700
10834701
10834702
10834709
10834712
10834715
10835403
10835405
10886069
10888335
10890576
10892225
10893303
10909790
10919488
24783459
24784013
24785123
24785410
24786222
24786668
24789187
24791753
24816049
24845427
25237922
25304613
25304820
25306892
25307187
25308862
25308961
25309076
25309411
25309660
25309761
25546760
25904959
25932318
25932670
25932940
25933112
25933255
25933482
25933708
25933866
25933973
25934012
25934042
25934187
25934234
27724282
27799529
27811546
27820861
27822525
27852936
27857527
27915600
27944205
27970410
27993983
27994219
27994948
27996269
27998148
27999583
28000395
28009788
28015099
28018463
28141691
28166838
28212714
28359263
28478892
28478907
28636664
28934440
28941199
28943167
28943532
28944847
28946230
28947324
28948782
28950573
29481244
29509280
29510824
29511764
29512642
29513379
29521127
29531412
29533088
29535589
29554118
29555846
29557510
29619299
29648378
29650019
29650590
29651197
29665332
29691542
29788624
29789119
29797514
29798209
29800174
29800655
29801152
29809334
29863855
29875279
29883415
29896829
30025902
30028086
30029205
30030497
3798865
4055815
4063020
4077784
4093556
4093567
4201905
4201906
4201907
4202979
4367659
4824680
5358446
7233224
7487867
7487869
14514447
14631888
14633028
14835779
15257545
15277961
15280414
15288759
15288984
15289021
15289697
15289837
15289862
15289960
15290147
15290219
15290825
15307945
15307963
15307964
17828107
17828189
17828580
18127273
18171408
18583359
18723667
18811417
18812583
18833055
18873980
18875893
18876275
18877487
19138840
19138891
19558727
19681424
19918372
19925357
20037270
20044369
20046813
20145690
20149614
20170744
20171001
20171540
20171651
20171666
20171719
20171728
20171735
20171736
20171773
20172080
21062893
21063177
21153856
21154115
21154172
21154549
21154717
21154863
21155883
21156245
21157056
21157059
21157135
21157517
21157778
21158006
21158037
21158741
21159315
21159433
21160827
21161318
21161587
21161831
21161984
21183606
21249595
21267884
21268037
21272902
21273177
21273208
21273262
21273613
21280351
21617118
11320194
11320201
11320204
11320208
11320211
11364950
11376168
11748380
11970794
11971583
12754198
13170897
13235232
13235362
13330385
13333154
13528897
13537433
13542048
13543202
13552906
13552931
13554649
13555137
13555644
13556006
13556562
13557008
13557495
13557768
13558469
13559237
13560034
13562495
13564726
13566066
30416557
30444767
30441488
27957450
28078684
30630312
10122463
11313595
17078405
2005857
2005763
2071155
2005783
2005779
19167771
2071148
8567135
25968620
2005794
24208287
19270370
6532662
2005818
2005819
2005820
19271094
19272116
2005840
8566657
11516273
27765383
2005780
2005856
27925231
27927334
27980473
19762277
31389189
19762216
19761845
24112183
19762126
24113482
31388358
24116423
31241905
31337837
28030885
27971028
27845109
15994856
31465588
31464591
31464592
31464596
31464597
27715843
27532834
31514227
31514750
28245685
31514761
31333596
28945214
25856286
10755782
14097594
10756219
27998561
27920215
28153822
27820012
31468042
30030330
25586199
25586219
2150455
25586223
11080445
11145218
14242115
24166902
11080433
2889134
26117816
9897889
8937377
19066587
27262774
23779182
8532643
14143463
11215464
23850682
11099258
30086180
28905582
18864710
10737941
28904018
9632158
20189807
19539193
29300243
11098355
14528480
16568280
23729423
29451007
27531179
27550400
25586215
28154203
25586209
25586202
27602756
19481059
21281000
25586221
11145233
11144615
18354135
21405097
10737942
4032194
16653419
13380706
29712117
8078229
2661391
25530910
27531204
23801592
25028467
13070955
20861837
23935885
25352213
25334498
13912925
2832957
8388371
26491504
28175366
28904546
14577482
23295475
9083406
9169821
9618691
9618709
9630729
9632181
9632183
9632185
9648009
9671095
9672569
9686699
9709497
9735637
9798491
9823929
9897881
9897884
9897892
9897894
9897896
9897900
9897906
9897913
9897915
9897917
9897919
9968765
9968774
10075403
10075957
10460660
10460719
10483470
10483471
11144618
11144625
11144627
11144631
11144653
11144738
11145235
11145237
11145239
11145241
11165676
11215239
11215529
11215542
11218867
23729384
23729416
23800021
23803845
23840451
23844848
23849394
23851818
23852283
23853289
23854467
23926548
23933617
23934992
23935225
23935846
23935847
23935958
23935960
23953840
23968026
24908784
24960240
24962022
24979539
24981568
25073967
25237300
25247673
25250960
25284613
25289235
25290232
25292155
25332271
25336824
25389960
25469406
25474639
25493299
25498465
25500921
25505499
25598200
2385057
25888419
25889757
25892006
25893139
26014939
26040778
26062067
26075464
26108643
26271992
26282658
26283277
27547319
27547421
27562937
27598604
27598788
27598982
27705852
27750140
27750256
27820001
27827378
27835374
27857882
27858598
27921482
28057289
28174121
28175824
28176333
28176718
28176934
28178245
28180630
28284877
28376659
28378003
28478068
28872624
28904025
28904033
28904038
28904136
28904204
28904369
28904675
28905131
29508640
29509151
29509761
29510225
29539586
29572313
29573433
29574148
29575669
29576668
29579455
29597938
29599577
29600378
29601804
29602561
29603022
29603466
29604089
29604358
29604956
29605203
29605675
29606085
29610567
29613809
29614335
29615497
29618784
29619192
29619621
29620435
29620894
29621894
29622305
29623228
29791972
29792778
29792839
29792948
29795914
29799277
29802542
29806727
29808600
29810114
29826613
29826979
29829015
29830293
29862009
29864127
29866790
29867253
29874219
29874533
29876559
29886129
29886373
29939791
29941284
29944200
29945913
30012287
30012916
30026674
30032855
30034120
30037189
30038621
30039216
30041211
30116075
30117090
30120059
30120397
30120823
30121565
30122069
30122594
30123910
30123920
30124402
30125480
30125977
30126517
30129615
30142066
30143104
30161239
30161778
30161939
30163025
30163400
30163630
30164032
30165248
30165433
30166101
30166793
30167128
30167661
30168555
30169648
30173082
30173396
30184394
30184738
6424147
6834049
7156000
7232436
7232532
7232777
7232949
7233256
7233889
7539205
14568694
14569455
14573449
14575590
14576330
14578337
14778940
14778941
14778963
14778976
14778977
14779065
14779108
14792583
14792656
14812026
14849248
14852746
14860221
14870247
14877378
14878885
14886696
14886762
14900303
15022933
18136712
18137468
18285699
18354098
18523050
18587131
18621691
18623339
18623701
18623957
18624204
18624245
18629366
18630295
18632578
18633571
18694262
18694978
18696517
18698979
18709496
18711474
18810183
18885927
18905591
18907026
18907881
18967180
18972395
19024122
19069660
19185921
19312625
19315508
19317244
19318434
19539284
19697804
19698191
19698279
19698363
19698483
19698585
19847601
19964081
19979029
19980761
19981226
19981591
19985990
19996603
20153666
20202482
20219759
20221313
20223943
20225071
20225878
20226344
20226646
20226922
20257324
20265025
20293255
20293498
20643047
20880671
20881283
20902798
20902939
20903223
20959545
21276425
21377677
21405126
21405361
21413734
21462757
21466225
21468682
21483859
21483860
21483882
21483884
21483888
21483914
21483976
21509592
21510238
21510345
21513526
21513527
21513528
21513530
21513549
21569638
21569699
21569700
21571453
21571641
21571731
21572647
21589476
21649162
22021202
22036202
22511510
22604859
23095735
23171322
23208080
23211172
23254203
23254813
23255795
23258070
23258374
23258879
23261110
23263015
23332900
23431735
23432015
23432107
23433152
23433291
23433344
23433441
23471680
23472963
23473823
23475636
23476725
23477909
23478414
23478946
23479174
23479866
23479954
23481028
23481431
11309500
11310871
11324202
13784849
13786995
13879206
14081530
14094750
14094751
14189583
14189585
14189586
14203894
14242097
14242103
14242104
14242105
14280679
19280632
28207481
31183314
10847194
10847200
11313583
24432185
7759162
19977933
7757331
11325068
17278172
23339135
31370557
25432845
19978436
15410565
19315623
31471877
19078534
18694656
31148769
31144440
31144187
31189177
31177336
31348161
31369020
31369170
31371970
31372244
14419040
31456611
31456613
31456614
31481020
17466330
27452784
27452787
26144900
27452832
27792941
27790723
29847323
28213483
9898017
11653619
11029473
11029475
19544404
24456381
27210635
9687034
26100760
9687036
19550597
9687035
9825912
26477011
28713975
26471928
14081382
14081526
14081528
9897977
9898005
11098316
26356110
21667921
14094754
16035985
23924503
18343826
28318179
14466992
27452823
9076394
19544447
22759523
27727173
25334022
4977666
13171101
27452834
27452811
27452817
27452802
27452808
27452819
27452804
21570267
8117311
8531425
9253853
9253858
9253860
9253863
9253864
9253865
9253866
9253867
9253868
9253869
9253871
9683688
9683696
9683698
9683701
9683706
24456980
24457135
24458551
24458855
24459484
24459825
24460451
24463201
24463499
24463978
24674790
24846471
25055682
25333674
26062697
26091141
26118640
26119634
26120222
26123213
26123779
26172001
26172153
26256202
26257489
26258335
26261168
26275587
26328778
26383792
26347723
26348930
26353327
26355518
26357537
26365907
26948385
26950148
27204179
27204851
27207469
27208554
27209258
27209953
27322407
27322936
27323352
27323786
27337690
27338686
27339752
27340169
27341561
27342363
27343271
27345082
27346362
27722383
27727153
27858596
28138028
28155945
28198578
28317868
28347448
28362689
28364109
28365768
28370244
28371072
28373331
28374154
28448275
28448930
28449247
28450209
28450282
28450914
28451542
28451964
28454210
28455048
28455274
28455804
28456175
28456462
28457674
28457704
28457970
28458199
28458320
28458411
28458514
28462179
28674147
28678083
28685668
28693913
28697212
28841651
29004584
29110423
29438201
29792385
29792442
29792451
29792539
29792544
15910793
15910976
15910981
15910982
15911023
15911029
15911030
15911032
15911033
16044558
16047147
16910503
16914397
17036652
17045516
17190019
17825403
17825760
17827672
17833185
17833718
17846432
17966570
18343982
18353356
18417450
18946113
18947075
19094846
19098839
19211602
19492847
19503157
19505574
19506431
19512739
19551076
19551087
19551128
19551158
19551178
19551213
19551319
19551322
19551353
19551360
19554578
19555046
19555333
19557105
19744308
19939981
19976098
20728298
21012979
21563256
21563325
21563326
21563327
21563361
21563365
21563370
21563374
21563574
21563575
21563576
21563577
21563578
21563579
21563583
21563607
21563625
23025901
23026847
23028442
23090445
23092203
23093670
23095160
23096050
23097573
23098928
2158421
23169728
23170202
23170762
23171829
23211097
23222884
23222999
23223171
23223598
23223797
23224174
23224479
23228600
23229586
23230759
23231654
23232492
23235791
23237385
23239282
23241109
23242430
23286580
23290530
23292250
11877539
11877540
11877541
11877553
11877559
11877560
11877561
11877562
11877564
11877565
11877566
11877567
11877569
12345593
12345594
12345599
12345606
12345607
12345609
12345611
12345620
12345624
12345625
12345626
12345627
12345628
12612764
21668131
13098897
13129345
13171096
13189772
13702163
13729414
13993841
13994694
27452821
27452790
27452793
31553015
24232767
4202976
15448734
23317245
11653617
13261066
13993737
13993866
31257978
31421383
31421831
31422247
31427509
31427681
31427206
9342950
31453212
31453529
31454363
31455287
31457257
31457637
31457884
31458233
31458888
31459678
31459975
31460343
31461187
31461456
31461646
31461875
2424408
999314
2424411
2424412
2671850
14112305
17038722
13794739
4032165
10119875
3066854
16379473
11524321
12337705
11222311
2771296
20228209
24676588
29275262
8653597
7808044
13568101
9825677
10540265
2139257
4037453
17332678
11268769
4804895
14488910
13794789
13794837
3308580
2139256
2771273
11273360
17799783
21084992
7675923
7677746
7678648
7679239
7702355
7713657
8134233
8134240
8134764
8182596
8442540
8698616
8706362
8866959
9083786
9390847
9399355
9615842
9648012
9648013
9648014
9653154
9671096
9687849
9900017
9798532
9798546
9798568
9798583
9798638
9798642
9823944
9823958
9824001
10530806
10532934
10537514
10537838
10537839
10539732
10633868
10636136
10637125
10641603
10641604
10735575
10766948
10766954
10769727
10769798
10889201
10894787
10895012
10908367
10931296
10931430
10931450
11007735
11007740
11030523
11042188
11042286
11042299
11053858
11098549
11098566
11098618
11120930
11144630
11158239
23932080
23934902
23935227
23935623
23935831
24061261
24562470
24572505
24589989
24679417
24840108
24842290
24845129
24963239
24964421
25151525
25295132
25456322
25526715
26108334
26158299
26159188
26234465
26234864
26235548
26778080
26798650
26958596
27185312
27188767
27189129
27364437
27371120
27452042
27524190
27528193
28478936
28479120
28736058
28796918
29021742
29088671
29100995
29103894
29113328
29218903
29221126
29223320
29226039
29239161
29243686
29963220
30101915
30104437
30105531
30105614
30298846
30431666
30578312
30729988
30730798
30731114
2818632
2818650
2818671
2818723
2852936
2910942
2910945
3433209
3475057
3475070
15395080
15412736
15483010
15484168
15485185
15486134
15600704
15819701
15820346
15835172
15835280
15835309
15835351
15835413
15835659
15910977
15911024
16215680
16216337
16241808
16408085
16423377
16425638
16426425
16864901
17152583
17152611
17152712
17152919
17153015
17153072
17153320
17153460
17154458
17198874
17227735
20175196
20175211
20262724
20330962
20342630
20419428
20726099
20742846
20769595
20812659
20812751
20812824
20892943
20917319
20927603
20928209
20928398
20931445
20931635
20931636
20931665
20931758
20931764
20948181
20948920
21052352
21052688
21052732
21109330
21109387
21143635
21149342
21149670
21149938
21150412
21150716
11624499
11873114
11966771
12023611
12023676
12023926
12024595
12135179
12411028
12413462
12413667
12419937
12878752
13098655
13098661
13098771
13098876
13098892
13098918
13098923
13098939
13098951
13098970
13147585
13170808
13170821
13170825
13170839
13170843
13170850
13170867
13170876
13170903
13170949
13170965
13171005
14280796
14280800
14280811
14280813
14280844
14280880
14280907
14280909
14280963
14280971
14281029
14281034
14281035
14281038
14312357
14597725
22902760
11313599
11633725
27190257
30494336
8004363
8004375
7807680
7844378
7761445
13877269
22290884
31348449
13903556
28034828
28034829
28034753
9824081
13264778
9806864
31474759
31475208
31475505
12514849
25586225
17848915
12178025
13794806
15052868
8385208
9141719
11176195
4658365
10979944
11315578
11281632
14467793
8411867
10174795
9653143
20257954
9528869
30206833
9101458
10440017
26990185
9716868
15220969
16411931
13758987
13794804
9973248
13794802
3137704
15586765
8149061
23915575
9631013
10564844
13794803
27819918
20273430
11582134
13770770
13824174
11313382
15344451
27547281
27471308
24350256
24081888
8434592
9119755
13224301
11524181
11624456
7624194
8182440
8385559
8429286
8434521
9101460
9101473
9184033
9239688
9240237
9390305
9528854
9528857
9528860
9528875
9528878
9532503
9606154
9628743
9629725
9693460
9706910
9716692
9716865
9716879
9716914
9717127
9798086
9798315
9798357
9798431
9813898
9825618
9825620
9825676
9913217
9929632
9968755
9968757
10030011
10030134
10030370
10031058
10031079
10031431
10031679
10031687
10075100
10076408
10133452
10145832
10156516
10159211
10159382
10159383
10159396
24074872
24075235
24075315
24075377
24075462
24075498
24076992
24077314
24077403
24077553
24077757
24077897
24078579
24078725
24080334
24080740
24081045
24081530
24081583
24175171
24177028
24185411
24254726
24256400
24258719
24546313
24584539
24588576
24686064
24823169
24840074
24845812
25151540
25151706
25254709
25407706
28176969
28270854
28310724
29044646
29112432
29240242
29371505
29793013
29949260
30682000
30686256
31075591
2844763
2888554
2908771
2936590
2972655
2972730
2972743
2982185
4044483
4165579
4197456
4212991
4224409
4224434
4584385
4857976
4954224
4954240
4954248
4954251
7146783
7469340
7469341
14527086
17487487
17487628
17487845
17488506
17488574
17491120
17540705
17547088
17604395
17810949
18119729
19141542
19144621
19154295
19155472
19864388
19865020
19865944
19866841
19867088
19868357
19874569
20040692
20041670
20170821
20189797
20192903
20193493
20215350
20321853
20340273
20342294
20436384
20440774
20464944
20465334
11524222
11953967
12784699
12957564
12957580
12957587
12957595
12957602
12957613
12957620
12957628
12957632
12957636
12957644
12957653
12957669
12957684
12957699
12957726
12957745
12986729
13008089
13008094
13008101
13008114
13008173
13008202
13008232
13008235
13008239
13008242
13008247
13008262
13008269
13008274
13008280
10847169
10847171
10847173
20838034
10892206
11313621
11313556
10847065
20798529
10846757
10847215
11313041
10892283
14619818
20861248
10847069
10846810
20995088
16290092
30414680
29239928
27950551
25663580
27173663
28026988
27950522
13782041
9342938
29240436
22091620
15447116
28404712
31173744
28691950
13794748
14394336
8532445
14834984
14361243
13794794
31544693
31553185
30490746
1082503
10055779
10055768
10055766
8365746
10743283
9240248
11582151
9253577
16327419
4224167
2901198
28034850
11788380
11057644
8342064
10933061
10424936
13296851
19620597
8367133
14311308
4087332
14311355
9407646
8438173
10737233
8531675
11524207
9240241
17750116
4215355
29233518
19673265
12451393
11415324
9386499
9386569
9421450
9421459
9421471
9528627
9618689
9618690
9630911
10905647
9685608
9687826
9687889
9687891
9688506
9738877
9825356
9968763
9968936
10074898
10076410
10076416
10158091
10158134
10158723
10158795
10445438
10460506
10460865
10482147
10691632
10888216
10910992
10931143
10979888
11207086
25895018
26668984
26669771
26813898
26815666
26925141
26935319
26990030
26990041
26990106
26990107
27191601
27192585
27193588
27197746
27200174
27352803
27356931
27440390
27444281
27446596
27461258
27523661
27547295
27547324
27573914
27605475
27622020
27623026
27624330
27646282
27646329
27668618
27668730
27780903
27781666
2972653
2974518
4187978
2974521
4207173
4071451
4073081
4203200
4215432
4215939
4215943
4215964
4273408
4273429
4273433
4273442
4273444
4277820
4386738
4862463
4912051
4974249
5315268
6620290
7151844
7151845
7231015
7232239
7232373
14502110
14683939
14825531
14826165
15187388
15190034
15239845
19274736
19310747
19310949
19448422
19613032
19626469
19710328
19922403
19925484
19926674
19927336
19983445
20228463
20228526
20269408
20271106
20433139
20433410
20433575
20434768
20487832
20923861
20955095
20963761
20967109
20973180
20974708
20975398
20990352
20992911
20993624
20994065
20994480
20994793
20995358
20996213
11524158
11582144
14176381
11624507
12262173
12312740
12415003
12415600
12630127
12771027
13232314
13235683
13516776
13588107
13648442
13729728
13729949
13730013
13824182
13824183
13824186
13824190
13995823
13996594
14030287
14256573
14257797
14264613
14311305
14311338
14311340
14311341
14311354
14311369
14311373
14311393
31403174
31403175
9240254
4273526
11359422
9240231
9240233
9240252
9387669
9825480
10456927
26148362
2908755
3315646
4037522
4273993
14607116
14778970
15625129
11429380
11594473
14255784
10845436
29841843
2974522
20650563
10023657
30389717
3471993
11968122
29398161
28632618
4934577
19345533
11624157
28279998
1350665
28274382
9342943
27090619
12362708
8701857
8127646
10621402
13302855
24061540
26421257
27576036
17266344
14118574
11948101
23636090
27365608
9976514
8967359
2379467
3471957
2243575
23934059
2379464
7469350
2379466
23935297
23935930
2243575
24059986
24060235
24062362
24659725
24709024
24822099
24825961
24922799
25251400
25303856
25605240
25613549
25620254
2379464
2379466
2379469
2379470
2379500
2379501
2379502
2379503
2379504
25634726
25784390
25786228
25801206
25805564
25810698
25859413
25862528
25873097
25879406
25881556
27561221
27574323
27574422
27600197
27620995
27678925
27768683
27769577
27803406
28291746
29117530
29119040
29119816
29198853
29234077
29235458
29236489
29291432
29424908
29428095
29431171
29438807
29644226
29772533
29790883
29791628
29792811
29792836
29795466
29799511
29813884
29813957
29881935
29886868
29890396
29892143
15453739
15455014
15584645
15584646
15584648
15626736
15818964
16087729
16093621
16980932
17200128
17356903
17357254
17357275
17357409
17755782
18486202
18943981
19552847
19553616
19557579
19629934
19784562
20078069
20078149
20163285
20195926
20196368
20259782
20260715
20320243
20320729
21110493
21177970
21178845
21179427
11997960
11998080
11998499
11999919
12003295
12007305
12008201
12010044
12011181
12017818
12022440
12025339
12026203
12026265
12062319
12064138
12065153
12069687
12069742
12070866
12071435
12071738
12072781
12074497
12074944
12075290
12076384
12077275
12077527
12085765
12088287
12134258
12429329
12429500
12429576
12430776
13795554
13796087
13819582
13820816
14180670
14183352
14332189
14436743
4954037
11313457
28058528
28021161
28015057
27989044
28001744
28059463
27878575
27878051
27878596
27878442
27878294
31046764
30914030
28264300
19447143
31411337
27203304
27855459
20023485
20020712
4977652
26575300
26056464
11958664
26421291
8967336
12494090
12506703
31164799
31162940
31288064
24953800
24953812
24953748
24953819
24953816
24953824
24953810
24953738
23935959
8390515
4977646
24953814
26575196
15996239
8451736
15868151
8365771
12878746
11524368
24953850
8365770
24953756
8365772
6354428
24953847
8440625
15831088
24953743
8440706
6355386
24953794
8440969
7966694
24953852
8440977
12878740
8441095
8441109
8441201
8441204
8441211
8441267
8441272
8441284
8441355
8441493
8622493
8622508
8622510
8622512
8873154
9748928
9749436
9749438
9802853
9823923
9825644
10155012
10361875
10483248
10530609
10537523
10891094
10891180
10891453
10931277
10931283
11098339
11144663
11144729
23928580
23932039
27265003
27265017
27265018
27480161
27601723
27605807
27616446
27616533
27616542
27620987
27621014
27621179
27631705
27631718
27639539
27671966
27705515
27706626
27724176
28640573
28640969
28643883
2719634
2719635
29861122
30152929
30153398
30153528
30153722
30153912
30154067
30471690
31030630
31030650
4047338
4047740
18285975
18542947
19522525
19522653
19523917
19783651
19851680
19852283
19933569
19943403
20046660
20047378
20155513
20164465
20487107
20764954
20807723
20830074
20837225
20898021
20898025
20898043
20898052
20898069
20901144
20901154
20901162
20901212
20901222
20901223
20901225
20901243
20901244
20991309
21019139
21029116
22985138
22985659
22985691
22986035
22986249
22986419
22986698
22986911
22987219
22987546
22989186
23171185
13825233
11524393
11897826
11897831
12328923
12338886
12343719
12344590
12366010
12878754
13472014
13730342
14094749
14349384
14417661
27819899
28242485
27819912
28243764
30880531
30880525
30880538
30880537
30880552
25586172
25586177
25586180
14793764
19205814
13258031
17681786
27673118
10537681
11175571
23327637
4212952
17966760
10565899
10931030
2982243
2974634
8365775
11246698
14664340
27743157
27600322
27675262
18356859
13969271
9528723
25556161
28034739
19856603
19543255
26545483
21109766
8868534
11743953
7667273
8385589
24056652
24271573
25866235
25867956
25869213
26144793
26145564
26675964
26842317
27362090
27444878
27599923
27627672
27688806
27690049
27754768
27755368
27800483
27866582
27867026
27867178
27871068
27871495
27934496
27977234
28037007
28037304
28037484
28037583
28037915
28038136
28038446
28038866
28273716
28395546
28758805
15598561
15759103
15810872
15811489
15811787
15812520
15924757
15925812
16136401
16554476
17202550
17206943
17262450
17265584
17351782
17354858
17355028
17355484
17355627
17356242
17358846
17359910
17421564
17480507
17482835
17483555
17483904
17483970
17484343
17484447
17675018
17729859
17741631
17748983
18127933
25414883
13078957
13079206
13125387
13125489
13478583
13564704
13577296
13580179
13581291
13582561
13624598
13628491
13653588
13824164
13824187
13847363
13996167
14081089
14161280
14189582
14354533
14452329
10892596
10847191
20189841
7744705
11624167
23934994
8718686
25259763
27173723
28034748
12656441
12782194
9716880
13576832
17186136
27605083
18178371
30297055
16781468
23897850
23931697
23932081
23933963
24290386
24617074
24640413
9749611
27568536
2139268
27571388
9824569
27601511
28258000
29015685
9824562
29099602
27600945
29946265
9824360
30298771
9824410
30839416
9824611
9825390
9825582
9825583
23640718
9825653
18128005
9909968
24635326
24638149
24640413
24677549
24842149
2390179
27568536
27571388
27601511
27610396
27616456
27616516
27631719
27671264
27724306
27751367
27753753
27753764
28255762
28268615
29015685
29099602
29791917
29791978
29792068
29792147
29792148
29793102
29946265
29949213
30103652
30298771
30839416
2844764
2888542
2888702
17204071
17217481
17217900
17250100
17454225
17454231
17454489
18116236
18117984
18143991
18175307
18175351
18176380
18176591
18178274
18182690
18182853
18183881
18183894
18185357
18185805
18190941
18190958
18193404
18193513
18194638
18194880
18197046
18197469
18198549
18198758
18200637
18200968
18202609
18202759
18994788
22780684
22823980
22839681
22854932
22866535
22900928
22903162
22916618
22926943
22938448
22951732
22982603
23193541
23297383
23567502
11624478
12411931
13142741
14030211
14280882
14352411
4049560
9749622
10931275
29013514
14607046
18187372
18187640
20484710
31148328
26860845
10980291
7391517
8969355
10147406
25589911
28665896
13861305
29484004
6053702
8823134
2897930
2483559
3659508
16421153
20903950
13062352
9632148
6053703
15858681
19303664
10847212
10370642
10847196
27363564
16957538
8182578
9632140
9632142
12163556
9632146
9632150
9632152
9632154
9632156
9716915
28215912
28478074
28662801
29051278
30122454
2888703
2895688
2902159
2902161
3474316
3659481
4277052
4277114
5355878
7480204
7480205
7480206
7480207
7480209
7480210
15342943
15346337
15819398
15993819
16247779
16403440
16403830
16405971
16409785
16410797
16411966
16413861
16416831
16417436
16417706
16418561
20764516
20798737
20905712
20906066
20948753
20992737
21142458
21142624
21142754
21303675
2139269
23087628
23313663
23314366
2180057
2180058
11328940
11524348
11624640
11624646
11624652
11786319
12414954
12417119
12420233
12656224
12936584
12986360
13215569
13215581
13372271
13373887
13516788
13714029
13729257
13729663
11624648
11627406
31164181
3798141
15820749
16136312
7846540
7807460
24051656
9825664
27704004
9716934
30039044
19914415
10976117
7842561
7966071
15535610
21086620
11524363
6378099
7759226
10737743
10931289
23935013
24230479
22832728
26090537
27715345
15819700
22643954
27704641
21178439
7611212
7611660
8869630
9716816
9716887
10737933
10892211
10976052
28173248
28692919
29324764
30040236
30041408
30044431
30045627
30045990
30046437
30046832
30047525
30048008
30414381
4093554
4093558
4958943
16135526
16269838
16276872
16279831
16911960
16999576
19938803
20194534
20195340
20829718
20831596
20835952
21180086
22088281
22101661
22129118
22643907
22902811
23365077
11524374
8347278
25969991
14160862
14294937
25496624
24696874
24969891
30552796
14161125
25568573
25975606
8532523
8345531
9632191
21880996
13682283
24512888
30471319
25498642
25502426
17358833
9632240
25449198
8873406
14263156
13169819
24645262
24792788
8567395
15338131
8802336
9631992
23243341
23790561
11233340
30699303
30471398
27952807
28937710
13636580
29148748
25965510
29094979
21547326
15546666
4636872
27173479
27941616
27854176
28256269
23244807
29371095
29532965
24731240
23790895
29936431
30471254
24730930
9783880
25214757
29049448
9390170
29149358
30356409
24665548
25214363
27829577
23928496
24384486
25959709
29010891
23835584
22497042
4620942
19996374
18139634
21245688
21244671
10979990
14607252
19975674
7440807
10980207
24642031
18144886
21881873
15478041
2536991
8127913
9173936
12954040
10795691
10025984
7295590
14669018
10854246
14632845
17775928
22584603
20468704
13904114
12902919
13222092
10211748
4903916
15973623
19078198
14464316
16786611
15280810
12429020
15284387
9632104
23421631
26044746
19060690
7590893
4407048
13336304
1921373
14488947
11140954
16073711
26542596
13015869
18924223
7381304
2069055
14405083
8500087
10342108
10342158
7794691
8435126
19082409
20263565
8244958
8365132
4424859
13075164
9397203
11522991
11441924
10737312
4354269
21468037
14325784
23381119
27301491
30268988
1694034
18925212
16825168
7558003
11553110
8431090
9631969
7480429
13164754
8499554
10188442
10359527
14603261
18615290
25251194
8165214
4813276
14583746
10748587
4813134
6240856
14488425
10211226
19318565
25105995
25962998
3861113
2537007
14080653
8110534
13235723
8139092
23428510
23427108
28871822
23244191
28298899
22868006
25244533
29004738
29166714
29001874
28946973
23243933
25050495
22648725
23567720
29143096
23881361
28831164
27759055
29165291
29742057
25257761
29009970
25968761
26609186
27290279
23888962
23244061
25974538
29236128
28274929
29008149
25879589
24909130
9458053
29269971
10483332
8532377
29926630
21061099
25769535
23756495
27619048
27758991
29146227
29157822
29233266
14036110
23205235
9342895
24458898
25972491
28958314
29003229
29356331
29305003
28939816
29060346
29892584
21477785
25214281
23244078
27833730
25241725
26778157
27473835
27903858
27935292
13472989
27173702
29361383
9458093
9458368
28960405
29145457
29150964
29158751
29266810
30582990
23372721
24552922
25105496
27926574
5284831
25780049
25223164
28649500
10188723
23935048
24336979
28143880
19011954
23470278
28116064
27173344
22808071
24011414
26174656
26291944
26771058
26772936
26862143
18335671
21468210
28549522
24311201
28940154
28941244
28957065
28957736
28961481
28998358
29145360
29157953
22494428
22773376
14081140
14081181
14242117
25158554
30038020
23835020
23831215
27827969
27935165
9397097
8442426
28209395
26970979
27416866
29856493
20232751
21466627
22873058
29225557
24511200
10558707
25214698
9717601
10609619
28327286
6242012
7674043
7674789
7675287
7700326
7711409
7712426
7736945
7737552
7738648
7740123
7740161
7740185
7740486
7740681
7743632
7744017
7755781
7867192
8002349
8025479
8083384
8127690
8127701
8137408
8137544
8348075
8385567
8386083
8430968
8434583
8435141
8435174
8438193
8440342
8441835
8492990
7748690
7748854
23132908
29950262
7749941
7750987
7766744
21652090
8495260
8495266
8495302
8495312
8498886
8499058
8499474
8499618
8499730
8499979
8531306
8531449
8531498
8531544
8532326
9140978
9141030
9141033
9141058
9141073
9141114
9162875
9163529
9241234
9350745
9385553
9385721
9390259
21655656
22786257
29965621
8163407
29004362
22948262
30763631
20879055
9632015
9632031
9632042
9632230
9648019
9671112
9671128
9671170
9715140
9724855
9725024
9825868
9851217
9851263
9851302
9851314
9851332
9851343
9851371
9851380
10022671
10050454
10050526
10050533
10050541
10050720
10074347
10077071
9899598
9917270
10070905
10188594
10188602
10188823
10188854
10188882
10189484
10189499
10189516
10239370
10240737
10452016
10456982
10482758
10492482
10517161
10520706
10540020
28765193
29935818
10716247
10739162
10740592
10810152
10899010
10956581
10979855
10979868
10979900
10979923
10979969
10980007
10980082
10980104
10406332
10558167
23692133
28335167
23748084
23749587
23750667
23788330
23794658
23797377
23800749
23805528
23809364
23832592
23835326
23842060
23843475
23844741
23870354
23880003
23894120
23895174
23899553
23900246
23900492
23908345
23909154
23909915
23910018
23912410
23912595
23924639
23928816
23931025
23934347
23934753
24017635
24017644
24298933
24299256
24299482
24299742
24308326
24311157
24311263
24334385
24337027
24337089
24337123
24337161
24337207
24337225
24338869
24373869
24375250
24378946
24379036
24379129
24379422
24379476
24390883
24422491
24423890
24425022
24430332
24432222
24437872
24438228
24453452
24472384
24494380
24495948
24541103
24542299
24544505
24567048
24636567
24639437
24642430
24645665
24647717
24650375
24654999
24656709
24662051
24662321
24663515
24664397
24665301
24666968
24690553
24730594
24730636
24730651
24730669
24730720
24756892
24758249
24758962
24760172
24764151
24764515
24764859
24822725
24830843
24839916
24862467
24881467
24730976
24731201
24731276
24731287
24731317
24731349
24768946
24770076
24772073
24773294
24774963
24776368
24776607
24777283
24960882
25007747
25009181
25044466
25930784
25065729
25068250
25096875
25105420
25105477
25105516
25105539
25105561
25105637
25105700
25105762
25106872
25132601
25140291
25145235
25156534
25176118
25141827
25232040
25233018
25235553
25309939
25311269
25319890
25320848
25321458
25321713
25322604
25323306
25324325
25327044
25331641
25331780
25332773
25333349
25333619
25334223
25405942
25431783
25435487
25436525
25445869
25450087
25493045
25493078
25493107
25493139
25493420
25512005
25516255
25516397
25516420
25516457
25337281
25337439
25337684
25337946
25338342
25600003
25626944
26154528
25637639
25637989
25639648
25643396
25763045
25765778
25768212
25770036
25771463
25772101
25775451
25776029
25776064
25776082
25777513
25778702
25781219
25786195
25786831
25787190
25788791
25801791
25802235
25805599
25806026
25806307
25853911
25858879
25813266
25908248
26074645
26082880
26083672
26094723
26097733
26098168
26098804
26099694
26101207
26104078
26104256
26105000
26106280
26108909
26115478
26149859
26153335
26155727
26158836
26173170
26173427
26176232
26179447
26181594
26183462
26188003
26202422
2428198
26228043
26229321
26231838
28105541
26251887
26254554
26351419
26355573
26358214
26359666
26361277
26365648
26370304
26371495
26428133
26671574
26667424
26600782
26668851
26670904
26656395
26607305
26434146
26436884
26440383
26444480
26445220
26445548
26455466
26669270
26661026
26655865
26604243
26667184
26670329
26661191
26658826
26615909
26478427
28103404
26562529
26563075
26618955
26624618
26625910
26653009
26657475
26658106
26673478
26674566
26677945
26715913
26717934
26718900
26719854
26732188
26733784
26734788
26735505
26736236
26738489
26741353
26748557
26769870
26769969
26773898
26774395
26776841
26777200
26779360
26791726
26814969
26823609
26847702
26847757
26847784
26847975
26848017
26857892
26934656
26936638
26947152
26951410
26952466
26953479
26954172
26954674
26955416
26956019
26956349
2489036
26988792
26990936
26992132
26999173
26999474
26999717
26999868
27005954
27007457
27009062
27011431
27015533
27054696
27054849
27056656
27057776
27137345
27173929
27175113
27192002
27193576
27194557
27196008
27545486
27545515
27545531
27549281
27556652
27571414
27573961
27597227
27597247
27597268
27598135
27598157
27598200
27604768
27607095
27608322
27610717
27611901
27612944
27713884
27713915
27718299
27752029
27857498
27766307
27770848
27801012
27805379
27813239
27826856
27834365
27839208
27845419
27845455
27845497
27852797
27759183
27759186
27759210
27759494
27764156
27772167
27841506
27846616
28151149
28158125
28159286
28172778
28202339
28241874
28291416
28293176
28294503
28320944
28321985
28324506
28337908
28343056
28350708
28354115
28360454
28375895
28383861
28385899
28418133
28427226
28427241
28501726
28503527
28518328
28533927
28552221
28058768
28058846
28058856
28058865
28058935
28206082
28206295
28223206
28663942
28664050
28664171
28664215
28664218
28664303
28664331
28664374
28703474
28705814
28714921
28720160
28722143
28723245
28745901
28775101
28777306
28808845
28808961
28811140
28811199
28815088
28815643
28815897
28816582
28816868
28817106
28823946
28361488
28361508
28663538
28664121
28664168
28664199
28664281
28664527
28918091
28923119
28925105
28926594
28933457
28937650
28939465
28939659
28940477
28941019
28941236
28941405
28941708
28955820
28955887
28957924
28959509
28960048
28961424
28963422
28965180
28966232
28966641
29002572
29007791
29008856
29011477
29013431
28948437
28948717
28951544
28951887
28952269
28952990
28953343
28953572
29200199
29200519
29202238
29202453
29203036
29205833
29205897
29207072
29207412
29208646
29209711
29209808
29210459
29210946
29216667
29217810
29219302
29220372
29254077
29263549
29264438
29269901
30669371
29281797
29291554
29292376
29295217
29298432
28956809
28958025
28958911
28959272
28960676
28960840
28960978
28961996
29230252
29234698
29239012
29240448
29241350
29242292
29244584
29244599
29435683
29436788
29445939
29446016
29450828
29453818
29465789
29468173
29469255
29519894
29525342
29534833
29542165
29546533
29548121
29549657
29551053
29587410
29596130
29611495
28964720
28964874
28965092
28965546
28965710
28965946
28966148
28966706
29245877
29267112
29267386
29267927
29268325
29269202
29269951
29270957
29902319
29903013
29933010
29935393
29936304
29947804
29959532
29958003
29958700
29970489
29972595
29974568
30098128
30099078
30099551
30100161
30101342
30102358
30103221
30103852
29147897
29148280
29148336
29148387
29148406
29148422
29148466
29148493
29274078
29274650
29275389
29277987
29279141
29279837
29285202
29293782
30267303
30281573
30281927
30288084
30290189
30295525
30295870
30297562
30305406
30311316
30312891
30316416
30339081
30348067
30354663
30362020
30365405
30369408
30430757
30461702
29149008
29149072
29149168
29149188
29149237
29149256
29149319
29149369
30461231
30471556
30471577
30471605
30471628
30471663
30491494
30491504
30496411
30524161
30541236
30578498
30578560
30583166
30588582
30589186
30589590
30591815
30597214
30597575
30602879
30602937
30602971
30603093
30628929
30630166
30630804
30670448
29149833
29149974
29150023
29150146
29150196
29150238
29150312
29150357
30706932
30706938
30706956
30706965
30706973
30910689
30910703
30926343
30959829
31033503
31035894
31054924
31084211
31105869
31105891
31105904
2984227
2984305
3662991
3867910
3873963
3880119
3882480
3882907
3885094
3908321
3908340
16928276
29154048
29154087
29154552
29154568
29154587
29154636
29154677
29154718
4912182
4934640
5285588
5285627
5285665
6377532
5285949
5290172
5290197
5290235
5290384
5290405
5290424
5290439
5355906
6053181
6053229
6053284
6053344
6053384
6076196
6076233
6076272
6434415
6134506
6134641
6180702
6238902
29156549
29157195
29157244
29157267
29157293
29157324
29157363
29157377
6076597
6076924
6076951
6076970
6076999
6077012
6077025
6077040
6181819
6181905
6181946
6182013
6460862
6461018
6461036
6489108
6489155
6489187
6608506
6616789
6620256
6620568
6620974
6621104
6621242
6621302
6621340
6668650
29158071
29158126
29158252
29158276
29158315
29158333
29158405
29158434
6077397
6077419
6077526
6077567
6077595
6077612
6089967
6090020
6856851
6871975
7129026
7129053
7129082
7129134
7129866
7233619
7251754
7251760
7251815
7251823
7461033
7469235
7480223
7480480
7480503
7480565
7480727
7516581
29162472
29162754
29163695
29164312
29164422
29166363
29267636
29267651
6127983
6128404
6128629
6128673
6131321
6131859
6131926
6131948
14488654
14488705
14488727
14488774
14488826
14489196
14489268
14498384
14514111
14514449
14514528
21111596
14514941
14576888
14579337
14607225
14607259
14607292
14607312
14607448
29347718
29347742
29347854
29348079
29349016
29349493
29349901
29349960
6133866
6134027
6134048
6134195
6134279
6134360
6134416
6134468
14711365
27357435
14734570
14735040
14778915
14778947
14779004
14779040
14779115
14779179
14779189
14779232
14798668
14801322
14802593
14808188
14842769
14845140
14847447
14847515
29352217
29352396
29352562
29352750
29352896
29353261
29355261
29355465
6180679
6180797
6180983
6181054
6181172
6181314
6181407
7615486
15149118
15150076
15151459
15154253
15156648
15157843
15182451
15183638
15209708
15211755
15212103
15212450
15212542
15213812
15214310
15215043
15215324
15215928
15216802
15223383
29361305
29367749
29368039
31105941
31105964
6351954
6352042
6352093
6352154
6460951
6547469
6616348
6829882
15294170
15294872
15295823
15296280
15321603
21310994
15323180
16824534
15326269
15327397
15328499
15329086
15329406
15329887
15329963
15332296
15334818
15335974
15337831
15350285
15354446
15354535
15355191
15631371
15632328
15633768
15647895
15838884
15842148
15845769
15845930
15847999
15848019
15848295
15848354
15891700
15895353
15903857
15920315
15922836
15927920
15931101
15960167
15976026
15976566
15983559
15986108
15987958
15997859
16019103
16025885
16032468
16034990
16037585
16041181
16042018
16043275
16045409
16058561
16344595
16356805
16358231
16359135
16369623
16370669
16435422
16440253
16445146
16496936
16502892
16514641
16518976
16519907
16521733
16825250
16586650
16641173
16661856
16664455
16665809
16669826
16672715
16674758
16677832
16683265
16683922
16745256
16764793
16766907
16768736
16768897
16779534
16781093
16797808
20311801
31043754
17389058
17391690
17393253
17429671
17452630
17455385
17465549
17489675
17489700
17489792
17489833
17489912
17489990
17490023
17521082
17521123
17541797
17546730
17547679
17549278
17550288
17598420
17598505
17598528
17598557
17598590
17598633
17598688
17598870
17678701
17680440
17683828
17685050
17685081
17702684
17879798
17880046
18113522
18149001
18154811
18156327
18158133
18158383
18159154
18159461
18160129
18176022
18176612
18177090
18179073
18179267
18179915
18198823
18244639
18246134
18248527
18248727
18249098
18249474
18249791
18253449
18336064
18336759
18337206
18389154
18395403
18410703
18411821
18427498
18428635
18429080
18179667
18179883
18180705
18424766
18584722
18584730
18584740
18584790
18584799
18584816
18584856
18584861
18771757
18776300
18776319
18786343
18815941
18833009
18838346
18843024
18892211
18896292
18903750
19720320
19036582
19036777
19037614
19038440
19057959
19058419
20200659
19069103
19070208
20404190
19093245
19094087
19328505
19328590
19329559
19349435
19367053
19367246
19370001
19368180
19368831
19370356
19428509
19429560
19429603
19441328
19459659
19465937
19482862
19484532
19499074
19502342
19520183
19520758
19561711
19561801
19572536
19596141
19597054
19614504
19616614
19629847
19656855
19657078
19657557
19671809
19673438
19675451
19801339
19803454
19805354
19929073
19930163
19931606
19939452
19944144
19948061
19955581
19956345
19962335
19962418
20298185
19976612
19977694
19979393
19980048
19981805
19981921
19982092
20198063
19982427
19983131
19985965
19986921
19988639
19992567
19994327
19995260
19996397
19998813
20005258
20040667
20043255
20043288
20061924
20062217
20225829
20232275
20232300
20232322
20233146
20237900
20238647
20239238
20241365
20248600
20251564
20253228
20258051
20261042
20274226
20280505
20280980
20287222
20287696
20293121
20324771
20331668
20332409
20338289
20356412
20646127
20647535
20654531
20669009
24399896
20699134
20699243
20717512
20723850
20303794
21035722
21037436
21051785
21114698
21124069
21127035
21127421
21128680
21151887
21157301
21169766
21170090
21170403
21170787
21171481
21172227
21181340
21196037
21200581
21200979
21201842
21222263
21222896
21225703
21225958
21227210
21228690
21284619
21284740
21285114
21287738
21300401
21304570
21312976
21315121
21252870
21253526
21253838
21255095
21477760
21508627
21529414
21588614
21610666
21610831
21611272
21701974
21702028
21702934
21704193
21707353
21828650
21830079
21831453
21832917
21872521
21878424
22016521
22016998
22020211
22021190
22025705
22028435
22034437
22038295
2063315
22218416
22221204
22232801
22239641
22244301
14134239
14445925
21422747
8980022
28844277
2658672
30697941
23825152
29395037
21675657
9923320
29304372
23163709
23028021
28874489
30699245
27286414
28873380
14494393
21280967
12439706
17819074
13832427
9338333
28710787
29977127
4199613
9834598
4310451
30699307
30471329
24265810
25761471
30281605
2812798
14923131
18529372
27173514
27836472
25247592
23028995
29891107
4975665
30291357
18878191
28706146
30293860
21285433
26432821
25244255
25252465
30415373
27924959
27937598
26767585
25946424
27160531
29686964
8446075
27160662
4125073
18363632
21063538
26849989
8446821
30914384
4203752
10922101
12006785
22830853
26082655
7254771
6274054
9970660
6171199
11140286
1621222
17640357
19143640
15380933
11368610
12317136
18189153
8704764
8445926
20868683
8639488
11583412
9238370
8569413
15944365
21423275
8705417
4592449
15280324
1621742
22089227
13644534
16148969
22824397
2606711
2711575
17350365
6273860
4812451
4286589
2582054
25633465
9498861
4142940
12497397
14309348
21351126
4187409
18080799
15204020
10044298
16153544
8325449
8443175
8443866
10032966
25828935
10977815
8446262
17367809
4116387
18149099
13834162
2066386
1783861
17352458
4750156
3922452
19197785
8728896
4407953
9643632
2759507
14933577
11998139
17229387
15790371
13854752
1874316
3798815
2121857
4121281
4236773
1621779
20979500
23078509
22486927
27915469
4648019
14851486
30179593
2864129
2125459
13222570
27758611
20945405
24454230
27545160
23069459
23503560
25664356
24366584
22599762
8400937
22790805
27758847
30926568
23082215
20666314
29953869
8540177
25881346
20945808
24279214
20263228
24365360
19423618
27021958
27759179
28337615
30197566
27516965
25481562
25883516
7466586
20945984
29561969
9666022
11033185
21471779
23056064
23538288
18401845
8111071
22592973
20171779
16332118
20662782
27847399
10417722
24074830
4129804
20748702
21472103
22238543
22839881
25244277
13258349
9338467
24351841
22602166
24358497
25127511
14080538
9341019
25244215
10640289
24725874
29592935
21203194
23055349
4278940
20311557
24360336
28699525
29225686
20200754
27983896
24358810
28181957
8366019
23903781
24516527
28547418
29949728
17819128
13304833
18591990
9865727
24420400
26670550
28051917
29915928
13518686
9622094
27346591
27950313
21475616
17818777
9341847
7576732
7580736
7581834
7600720
7606484
7625902
7626266
7626314
7626332
7626610
7649339
7649350
7667829
7673366
27487648
7676632
7678129
7679323
30513483
7711061
7711080
7711674
7771053
7771112
7771133
7788026
7789115
7796717
7803562
7803576
7803755
7843093
7777719
8127342
8149399
8183326
8184001
8185795
8245092
8245597
8253169
8258278
8300957
8351099
8375636
8375654
8444457
8444471
30769451
8445792
8446845
8447721
8447758
8447796
8447802
17099938
8447876
8447882
8447959
8505979
8506599
8537003
8537000
8567177
8568480
8704863
8705401
8705667
9116966
9345977
9646479
16428280
9666055
9666218
9669893
9669899
9669916
9670402
9670525
9670652
9670660
9670675
9687351
9692060
9692124
9709932
24262265
9793476
9794461
9794893
9794916
9865451
9865667
9865748
9865940
9865980
9879333
9898378
9898641
9898798
9899171
9899212
9899211
9899411
9851551
9898311
9898320
9898349
9898453
9898465
9898531
9898560
9921913
9922362
9922380
9922580
9922583
9922678
9922695
9922808
10218033
10218044
10222366
10232724
10232873
10232931
10233083
30695871
10290778
10329956
10343909
10352103
10352228
10359532
10370472
10415406
10436711
10450353
10453592
10461378
9898925
9898936
9898952
9898943
9898970
9898978
9898994
9899043
9923885
9923891
9923945
9923971
9924049
9924084
9924089
9924100
11126411
11126527
11126533
11126894
11129729
11148982
11149008
11196482
11211218
23627313
2205772
2206698
2206700
2206774
2206815
23720612
23740462
23753869
2220616
2220642
9899512
9899533
9899555
9899595
9899650
9899666
9899681
9899705
9925149
9925203
9925266
9925304
9925481
9925508
9925519
23744320
23935085
23935117
24037750
24038056
24038238
24063498
24066803
24075239
24077253
2248052
24104781
24105551
2248657
2248779
2248815
2248832
2248904
2248919
24238663
24272322
24369498
24373195
24376431
24377970
24380758
24386130
24387558
24464869
24516057
24523999
24613951
24643588
24646052
24648432
24673429
24673674
24762837
24768646
24769648
24772142
24811164
24812176
24813008
24813947
24841175
24849061
24849923
24917540
24925885
24937039
24971238
25009250
25011370
25016098
25016531
25022745
25452642
25455140
25456632
25458322
25460244
25489897
25494636
25496915
25533610
25535172
25553105
25556484
27722563
2393410
25817821
25818997
25821911
25855545
25862670
25863335
25880497
25906215
25907845
25965885
25965948
25990702
26008815
26009211
26009592
26026359
26058125
26060021
26060456
26063293
26065465
26088191
25623468
25624505
25631707
25639795
25644694
25647122
26028795
26097381
26146956
26149024
26149850
26151441
26293594
26320131
26321209
26322715
26343631
26371401
26372771
26374048
26375732
26378199
26379858
26428962
26432578
26446172
26589266
26584157
2459568
2459586
26700258
26717781
26748720
26749117
26847857
2478523
26686610
26688596
26689722
26727809
27374955
27380712
27392499
27393218
27396857
27403001
27404598
27407423
27407574
27407874
27407931
27434899
27439093
27442210
27447005
27448269
27449008
27460849
27465904
2536995
27514029
27515033
27556320
27561318
27571148
27606189
27607516
27729001
27758482
27758526
27758543
27758573
27865307
27934837
27935593
27938769
27939774
27941839
27952339
27973809
28007032
28008578
28033529
28038196
28044746
28049895
28050586
28051350
30943556
28052955
2586308
2586322
2586329
2586336
2586343
2586349
2586837
2586866
28121117
28124566
28138707
28149260
28158466
28165466
28168128
28172823
28217359
28247084
28623729
28628785
28642334
28642579
28643215
28652879
28653016
28654401
28655123
28655993
28656910
28657826
28658755
28664434
28680921
28707748
28757009
28757380
2646337
28875116
28877578
28884762
28935421
28959020
28963622
28963750
28964142
28964179
29068591
29089091
29091806
29093494
29095016
29096478
29101782
29101806
28677106
28677440
28678105
28678839
28682345
28684427
28685713
28686142
29221591
29243380
29244578
29244645
29244738
29244793
29244920
29245655
29246544
29247544
29248052
29248310
29248657
29266441
29323533
29324089
29371029
29371047
29371286
29446051
29454825
29458951
29539826
29551694
29552636
29594235
29595445
29597037
28697175
28698108
28699336
28700458
28701144
28702234
28703126
2657870
29731131
29731198
29731220
29732204
29733574
29733824
29735074
29736198
29739313
29739737
29771850
29775385
29805278
29816728
29845001
29865524
29865850
29873687
29874261
29901636
29913134
29913757
29915602
29925379
29925450
29926461
29940222
29945351
29966972
29972064
30106253
30020201
30033323
30047932
30057450
30058014
30131092
30131730
30133042
30152640
30153565
30153941
30156141
30157180
30157411
30158006
30159961
30160733
30162666
30162913
30163133
2753538
30179657
30195372
30204008
30205140
30206005
30214728
30227422
30228286
30229445
30230689
2758272
30238931
30168116
30168391
30168683
30168830
30169286
30169605
30169925
30175322
30352342
30354955
30363852
30365005
30366635
30369065
30369623
30370564
30371926
30376178
30389768
30390458
30410157
30427797
30428871
2773194
30444185
30446077
30454535
30456259
30461585
30466282
30471362
30471383
30471497
30551606
30497921
30502668
30593127
30593629
30594595
30595657
30727166
30732608
30758832
30777084
30836840
30838929
30839080
31050525
30851339
30852199
30884720
30888321
30890551
30910803
30910813
30910827
30978909
30978930
30979655
30980099
31034089
31036790
31037356
31062442
31105894
2830067
2831631
2881296
2882877
2883121
2883133
9886742
2887660
3873181
3873893
3873908
3873926
3881273
3940041
4028923
4122002
4128808
4130506
4150876
4187239
4203487
4203524
4204782
4326988
4327062
4327200
4327277
4327287
4329865
4946986
4367759
4561723
4648086
4687573
4700013
4700975
4712135
4728977
4859523
4859667
4860793
4908199
4908238
6066342
6066369
6066381
6066394
6066404
6066457
6066472
6066481
6438496
6438597
6438650
16604826
6439425
6440334
6440626
6440653
6457239
6457329
6457385
6457930
6484676
6490625
6490721
6490754
6490777
6546441
6546477
6624707
6626529
6672981
6673205
6755485
6798724
6833554
6833960
6834882
6066643
6066654
6066678
6066693
6066704
6066720
6066731
6066742
6449777
20191412
6450434
6450466
6450498
6450526
6450844
6450896
7399657
7399693
7399878
7399923
7399950
7399961
7400127
7423296
7466631
7467280
7467313
7467329
7467350
7467455
7468106
7468113
7479480
7481497
7481560
7482335
6066880
6066893
6072383
6072394
6072409
6072420
6072436
6089851
18843747
7519548
7520128
7520196
7520734
7520790
7520835
7520886
7520895
7534767
7534787
7534815
7545136
7559181
7559212
7559218
7559829
14493658
14506220
14506547
14506642
14507433
14524880
14548227
14572130
14572520
14572821
14574312
7521660
7521669
7521765
7521789
7521892
7521939
14637974
14925968
14934410
14934560
15000638
15011362
15013239
15019119
15049971
15078644
15147450
15147521
15147597
15147630
15147687
15151738
15151998
15152418
15154086
15158024
15158196
15161184
15182691
15205308
15207171
15208143
15212072
15214217
15216475
15251762
15480960
15521354
15523720
15526420
15527373
15554547
15554924
15570751
15643487
15790393
1587256
15791823
15801853
15808486
15831122
15869150
15877181
15905732
15909354
15919696
15923319
15925378
15926189
15929843
15930527
15935126
15946934
15987437
16021300
16028312
16033556
16048788
16050035
16092106
16120646
16120941
16658094
16658311
16658868
16660380
16660863
16661148
16855926
16894164
16895613
16938663
16971446
16971856
16982185
16985983
16986812
17013797
17055737
17061278
17062356
17063165
17064110
17103800
17215486
17219530
17222951
17255072
17255132
17255164
17255178
17315841
17317753
17321029
17353782
17358458
17359352
17361284
17750308
17750762
17750791
17750824
17750851
17819094
17819173
17830186
17836810
17841799
17857316
17884632
17885865
18563572
17946754
17953589
17983047
18050564
18063792
18091513
18117679
18122014
18125660
18132755
18134279
18135350
18724205
18175475
18176253
20856571
31042208
18185778
18186373
18192708
18194357
18296657
18504832
18504932
18505159
18505337
18505576
18505865
18506059
18507268
18525377
18525716
18526766
18527162
18527823
18527843
18528203
18531027
18923116
18942358
18943186
18944746
18945639
20704900
19083842
19083895
19084135
19084699
19089703
19094122
19149405
19150156
19152648
19159289
19160668
19279539
19280547
19322351
18509520
19326117
19329197
19329507
19430606
19447995
19449827
19450931
19452105
19453327
19454434
19455852
19457899
19459572
19461967
19494459
19494561
19494913
19497887
19512473
19513782
19547264
19621463
19622390
19623468
19626793
19629228
19724450
19754917
19755220
19772737
19795329
19795604
19833133
19845432
19872964
19924361
19926721
19927475
19928799
19929840
19969586
19977105
20045035
20050242
20273954
20274431
20274792
20275333
20278414
20278934
20279253
20280133
1928883
1928970
20305985
20339582
20344451
20401404
20413996
20649959
20651151
20666712
20667350
20715616
20725675
20728551
20729904
20738511
20748290
20749112
20749520
20946050
20946335
20946717
20946805
20946885
21036005
21036507
21044684
21058623
21060652
21060889
21060903
21060922
21061165
21079030
21079268
21079764
21153001
21153125
21153167
21153268
21154924
21155412
21156299
21158144
21183678
21191178
21193994
21194019
21196479
21196924
21197587
21198548
21221980
21227669
21228469
21187640
21193841
21195657
21197191
21197463
21209013
21242362
21383652
21474749
21497180
21504219
21506704
21508503
21530126
21530147
21530205
21530321
21530413
21530424
21530639
21530658
21530701
21577705
21577771
21577786
21684288
23223960
23541750
22226969
22232486
22276857
22295845
2078733
2078758
22475273
22595938
23064125
23288527
23288826
23290166
23859079
23290594
23291149
23291805
23292601
23292638
23292766
23297703
23299104
23299166
23299239
23299325
23299354
23299389
23348060
23382996
23401999
23403181
23403270
23403731
23404376
23419187
2190129
23507437
23535375
23550779
23560426
11432396
11542336
11883845
11887440
11887804
23299161
23300245
23301321
23301427
23302756
23303386
23304117
1986399
1986378
1986363
12422979
12423234
12433330
12497533
12608826
12656295
12696473
12886027
12886429
12886509
12887128
12887410
12893318
12930325
12930342
12930429
12931432
12931468
12931499
12931534
12931611
12932418
12932456
12996995
13101612
13101650
13279749
13279786
13279814
13479027
13479052
13479086
13482612
13482684
13482787
13517094
13517114
13517159
13517164
13517166
13571549
13571592
13571617
13643182
13643214
13643540
13654304
13654670
13656281
13676270
13678881
13691638
13709820
13709994
13710253
13719754
13721624
13749690
13779179
13796802
13797057
13799831
13571355
13571399
13571416
13571447
13571455
13571468
13571482
13571511
13868720
13870646
13871296
13871749
13871945
13872424
13873544
13880882
13923395
13924112
13924936
13927496
13933087
13934417
13936903
13937580
13939699
13942531
13944302
13944615
13945364
13945375
13945395
13945460
13945490
13945530
13945568
13945591
13642994
13643017
13643023
13643046
13643086
13643111
13643130
13643143
14156274
14158617
14173995
14174882
14213933
14243146
14243172
14243238
14243253
14243286
14243296
14243315
14243328
14305307
14308394
14316582
14352515
14365394
14365981
14446930
19998672
10706591
14790628
31040047
31036432
30931366
31013580
31042633
25060352
25634473
29463530
29460847
31212787
28932780
30136755
27986060
28036430
31305053
28035823
28035657
28033872
28030233
28029129
28002357
28004413
28118605
4812093
8877404
9968805
12227537
12029358
12835070
24368712
24285052
23894391
21512596
3908305
6491077
17856577
9238506
31311129
15408208
8722147
23978226
30987862
31151504
31174444
28447160
28447321
31142836
31143421
31142084
28816562
28314260
28818674
28313522
28828947
28312261
28320395
28785316
30098060
30699271
23537424
30029983
16895412
16897222
26452354
27173735
8448149
27823477
25239928
25221755
27173534
20659333
28039360
27013271
8445026
13283693
15385004
14648927
28286546
28094174
28098127
28022827
28063310
28291981
27993808
28082480
28120837
31436215
31439839
31058486
16409957
16043634
13258447
13841576
16040873
16419744
12657623
16150755
31032154
10038546
31192483
31191573
31191080
31190667
31192908
12413515
31462309
8877111
29895022
30289149
30286771
31190364
31189972
31171151
13258661
8532821
13258320
9341857
28034780
20920902
4278971
9341035
15930958
15917156
15809719
15644705
15263392
14892779
29952472
6518033
30835814
8916897
30897704
30928410
28061166
30858676
28025762
30557465
31358560
29977315
14800695
29438044
30571598
30571082
20945997
20946531
31076033
24731889
30612984
31482871
3455211
25249094
25648597
8138547
27173662
25221772
23243973
20665052
23213247
25221590
25663799
23314843
31168827
31168323
31162715
20656635
23311234
27814502
31486990
31485426
31485239
31484230
31480218
31478023
31479382
31477062
31475249
31474261
31471430
31471610
31469671
31467225
31464393
31457574
31455963
31454841
8086284
8086474
13835812
8258539
8258600
8258654
8295357
9629189
9629371
9669581
9670382
9670544
9671674
9671728
9671765
9671815
9672132
9898391
9898466
9898510
9898612
9898680
9898726
9899962
9900120
9900126
9915252
8299002
8401081
8910268
8979411
8980136
9061228
9061229
9061288
9672532
9899154
9899267
9899544
9899641
9899686
9899749
9899805
9915474
9915480
9915487
9915512
9649436
9649661
9851561
9851570
9898308
9898338
9898360
9898382
9898387
9898422
9899883
9915524
9915614
9915632
9915955
9916099
9916106
9916112
9916118
9898428
9898442
9898443
9898477
9898483
9898498
9922666
9922679
9922685
9922762
9922782
9899020
9899047
9899066
9899085
9899097
9899113
9899231
9899249
9899277
9899296
9899301
9899306
9899311
9899316
9899335
9899349
9899357
9899367
9899381
9899399
9899401
9899419
9899424
9899490
9899524
9899557
9899583
9899604
9899611
9899616
9899617
15447079
21458984
25513806
9716909
14417330
10342553
10565035
27762035
27545633
21339646
9824637
16357455
26818294
14607042
4212825
10342523
18462950
23934364
15340252
22224684
30697470
15548793
10342055
20453683
26685522
15447085
1385522
15447039
15918029
15052880
29007705
15447053
6186747
18009252
1385556
1385555
14566345
15340253
15585052
15817792
15986319
20422591
23934011
4976290
15218688
16357544
26612938
26605862
15818977
16450830
17599526
13289800
24858282
16175935
23567130
11593463
10157795
28159224
15157474
15447121
15587106
20067290
21642934
21458816
21458592
12523052
27761403
11144651
27625256
23375596
4093557
8968616
23737471
23737485
23737573
23737578
23737604
23737606
23737721
23737725
23750300
23905172
23928516
23928522
23928526
24487284
23933679
23933846
23933971
23934585
23961923
23962682
24003889
24005108
30727860
24556874
24567337
24571546
24686007
24709939
24723590
24726001
24728027
24843417
24898070
24900467
24919792
24961445
23874464
23874465
23874761
23874767
23874801
23874804
23874815
23874825
23935884
23936196
25999615
25999618
25999620
25999630
25999650
26000341
26000359
26000387
26447480
26448692
26465140
26610561
26614041
26614699
26620010
26621690
26643013
26643521
26645555
26663520
26665808
26729722
26730004
26731976
26734567
26748695
23877449
23878940
23880137
23882171
23883558
23884790
27539217
27539251
27539283
27539308
27539334
27539960
27540014
27540020
27619443
27640320
27715399
27715495
27716676
27717837
27717857
27719172
27721162
28421529
28580748
28653689
28940971
29006323
29009081
29010349
29012991
29107163
29208319
29225938
29226617
29227825
30102546
30100184
4913909
4934719
4964934
4964943
4976177
4976348
4977716
11512926
4995231
5315073
6671242
6671282
6829858
6871469
7327805
7548818
14683586
15052218
15164397
15179718
15179761
15246221
15246435
15340229
15355617
15356468
15388889
15426394
15431195
15447003
15447090
15451164
15452727
15460502
15514339
15514763
15515376
15517466
15521989
15522576
15526003
15528005
15816915
15979275
15986854
15989126
15994417
16075887
16082806
16083899
16086082
16094546
16097605
16172904
16174149
16177299
16180237
16183453
16350910
16355865
16355933
16356355
16356903
16450240
16584316
16585229
16762072
17189223
17219490
17223930
16053588
16478054
16478224
16478497
16478502
17690545
17690547
17690566
17690569
18538397
18710927
18719936
18758416
18776066
18871970
18881626
18892050
19050556
19051078
19136983
19144256
19373022
19423921
19976007
19562702
19567425
19788310
19850893
19878646
19915364
19975942
19976758
20043057
20043153
20106986
20156360
19222751
19225261
19226745
19246422
19249485
19250382
19251029
19251884
20897952
20898142
20970431
20970667
21183612
21185842
21185897
21185929
21186142
21193430
21411579
21833996
22030598
22243267
22619086
22639867
22641058
22643928
22901043
23147595
23320033
23365265
23368594
11524387
12212695
12335090
12348424
12396614
19254954
19254963
19254964
19254965
19254971
19255026
19255028
19255029
26319848
26325486
26326569
27212272
26329766
26324659
26327629
11896172
11896169
23083289
7763767
17818814
26331446
8127640
18883466
18883848
21870775
21868831
20885026
20862760
5260260
5285755
21867942
15560664
31489145
4976216
30511748
30577533
19255147
19255148
19255149
19255150
19255151
19255152
19255155
19255157
19255158
19255162
19255163
19255164
19255165
19255166
19255167
19255168
19255169
19255170
19255171
19255189
19255191
19255193
19255195
19255201
19255202
19255203
19255204
19255210
20898131
20898135
20898138
20898139
20898154
20898160
20898165
20898168
23367884
23376059
13015082
13799012
20864889
31293940
18503777
31491926
19223971
19255039
19255070
19255072
19255077
19255078
19255100
19255154
19255172
19255194
9748166
29033220
17810682
29038319
29036785
29040180
28372758
17196120
8870183
28654223
22853366
8870370
23627052
23630459
23637638
24103239
24534973
24641167
24805109
25552867
25553449
26237112
26237656
26238580
26238957
26240827
26241807
26622288
26847828
27539039
27539239
27539273
28063108
28218387
28220434
28222740
17743429
17800873
18277321
19578850
21890229
22319219
22767006
22769354
22779610
22822897
22839231
22854534
22864710
12213936
12651344
13461623
14254415
26240157
28374854
14631025
22900519
27758882
23050984
31146650
31145929
31145458
25152081
20352994
13017987
9781350
9746142
9749152
9750764
9777518
9777614
9871987
9871991
26109704
15253853
16751344
18183590
18784285
18226357
21045054
18235043
18899648
20346915
20731429
20733119
20733421
21193234
21195801
21196385
21196511
21197585
21198640
21257079
13017984
13017998
13018009
13018019
13018028
13018033
13074584
7075131
17489665
23935890
23928528
23928553
23928577
23928581
23928584
23932280
23932377
24730574
24730768
4934527
13118345
4977694
4978121
17223927
17750359
17750542
18549131
18549314
18610665
20327342
21092179
22909660
22925215
22936603
22950907
22982106
22237480
11885492
23933598
23933730
23933936
23934408
23934587
