13306498
19546251
7889565
24941649
21058640
21533839
19476992
12594662
14051887
11406458
23358744
29953576
26048099
23329615
28396382
20652860
29759919
11061979
10818280
18790628
19544474
24873049
25434045
14365625
6365654
10628384
25805609
24017989
18395082
21308227
13863881
20072212
23124813
6364427
24855057
20957675
25996156
9349631
30844312
4919108
18749304
10316747
23124170
25846909
24252186
25432586
24849885
26547821
10008242
28196640
19296336
12955118
24030833
4446280
30707167
29297873
26828034
27735304
25024842
22610253
10939634
30873150
11854571
24100355
21536822
23635425
12597312
18429767
11167354
29382850
11057911
26012355
22997022
18003255
24080372
18305404
17091507
23493703
20768645
22975282
28115883
20983031
12657980
7984341
23634814
13758160
29905843
21545889
11858051
14478147
8234943
24284110
7572393
29131852
20487360
14574274
17391980
7576679
28432570
7580169
19454236
12893600
23021856
7573180
25960053
7735244
13761917
7573184
1612330
15012048
6823263
17478862
27167719
5352115
12033692
18900837
1604843
10818377
10846160
4341328
1645165
19569921
26194608
19570324
27170523
28565864
1586269
14469677
9962354
25056369
10616397
25875020
8832985
2376727
11046231
26610076
25873397
2938610
2603269
26175196
2270966
12656698
13854026
13430429
20132841
19095750
29881775
14131162
10690172
27686933
21141887
21365780
30157332
6773130
17797385
10641639
6676559
7385150
24720835
19293572
18923203
16553603
20121475
15992877
13238936
18812028
19058710
12515077
23202243
18811083
17478853
11163627
8858940
17788671
21691605
7869164
8916126
5278087
5001896
30347532
17700622
21060505
12315050
12954685
8706939
13340535
7574115
29674325
2782470
18711748
27525885
14482452
14658426
2275350
14662242
12019895
18281605
19433273
25289516
1656555
8706860
22868819
25287519
7614528
16128068
1608672
8148488
25299924
8040367
26197596
2243611
17704508
12984630
29090272
21384314
13628893
4349891
2116108
8525112
2371671
2768634
1618804
2231198
12599362
24855943
8101589
24012295
2588788
8706916
18564447
14198316
19272875
5302195
17683855
12599377
5298439
8945588
2243609
10316710
12595226
10028607
2782448
22592059
3815804
2243618
27756998
7882480
2505705
14954727
14219136
23012647
11498316
5295567
1920100
23551803
6536225
9034638
8707157
9124545
1618789
30122569
14408325
14447033
10818318
6100505
17636495
10781177
10939424
12695162
8865408
21241603
1695198
22946713
10972156
8038550
8319179
28770762
23323650
2231206
7981712
7606376
8525132
11134125
2829176
3482264
13084997
4349749
18239003
17392056
24318910
24855494
25036769
27889893
27893075
27894737
27900744
27918583
27919055
11854862
14299094
13078337
25039562
16379880
23671787
23101466
12656641
28545965
23000035
10877185
25057818
25811817
28147618
10640639
11066709
18089048
21143659
25207081
25491009
26199742
18298178
13492030
10818444
24832558
25460422
26201869
14707610
17714256
22696919
22795465
12597306
10854912
23847197
28172707
21425884
21482832
14218348
27453747
23932151
8525041
26174183
28060895
29064788
16833745
21396249
22738829
29556408
23457363
13429515
28503984
29139328
17283401
20948351
10838535
24962696
18170359
18916124
25945301
10818355
7840559
8101674
6485734
7361827
16553505
17157670
17478807
29682138
17895027
18842126
19058026
20409572
7596663
8117993
25801431
10690180
28030837
28671095
14502327
16471788
20229385
21154670
27643198
8407945
11102127
15629581
18001928
18470398
20228136
22587016
13447065
12596944
29896985
10971612
24986115
28979507
29142634
15002990
14591780
18888783
19099693
18949850
19176959
22586977
12511775
13091674
7317248
6942408
16471761
19301859
19809963
20170345
20237681
21660713
23660077
20323482
8658685
8708087
9483714
5002141
6543591
7344796
17714104
17831468
23170552
7840562
8040283
26566552
6649443
20131092
13210993
6100308
17829993
20269477
7750726
7755273
7767494
7767504
7767558
7776653
7780151
7780396
7781010
7781580
7781781
7781933
7785758
7797349
7799128
7831834
7831849
7831881
7831984
7832025
7750516
7750529
7782374
7832030
7832058
7839424
7840587
7868681
7868793
7869086
7869168
7869170
7869174
7869614
7870312
7871543
8014186
8016055
8040372
8045249
8046054
8046460
8047852
8101107
8101296
8101563
8101578
8101592
8101630
8101635
8101654
8101690
8101736
8118004
8118124
8118130
7999292
7999314
7999678
8006437
8006450
8026999
8029500
8029571
8117866
8117944
8117982
8117989
8137304
8149832
8152115
8152359
8274769
8301091
8310682
8312246
8317759
8327053
8327326
8327339
8327351
8401158
8411949
8456545
8459980
8460882
8461752
8461858
8462120
8462180
8462437
8525035
8045536
8046024
8046037
8046051
8046626
8407941
8408042
8463068
8463134
8463200
8463436
8463982
8464064
8470660
8470666
8470716
8656058
8662417
8667120
8676534
8676736
8677197
8708102
8708172
8708191
8713516
8713520
9241699
8714915
8714928
8714935
8715007
8715018
8850303
8867211
8871281
8677303
8677310
8680099
8680655
8682244
8682400
8682421
8705885
8713521
8713536
8713542
8713544
8713546
8713554
8713557
8713563
8986477
8986485
8986490
9468594
9481213
9481698
9481721
9482030
9483297
9483354
9483649
9483674
9489290
9522113
9523188
9730483
9730500
9730506
9730512
9768582
8706953
8706963
8706965
8706974
8706978
8706981
8706990
8706995
8986498
8986501
8986507
8986521
8986525
8986532
9483773
9483795
9915553
9947851
9947860
9947869
9947882
9947890
9947891
9947907
9947911
9947944
9983276
9983316
9983369
10008050
10008076
10008305
10008381
10008406
10008417
10008419
8707083
8707094
8707115
8707125
8707133
8707151
8707174
8707217
9507033
9507436
9525652
9526448
9526662
9527034
9528535
9529594
10032854
10032885
10032893
10032898
10032903
10032921
10034286
10034288
10034296
10034299
10034430
10034436
10034438
10135493
10135671
10137276
10154029
10154454
10154496
10154506
8832747
8832751
8832758
8832765
8832882
8832888
8832904
8832915
9558115
9558806
9935169
9935658
9936329
9936447
9936455
9936490
10154026
10154086
10154091
10316718
10316723
10316739
10316749
10316761
10316762
10316776
10316777
10316954
10316958
10333997
10365201
10365236
10397826
10400922
10403730
10404252
8833019
8945165
8945184
8945305
8945357
8945435
8945441
8945451
9936678
9936683
9936688
9936695
9936698
9936707
9936711
9936716
10410518
10413595
10415355
10415617
10416105
10416604
10417058
10417234
10459566
10573390
10613334
10614097
10614100
10614531
10615479
10615524
10615533
10615544
10636432
10640254
8945652
8945665
8945672
8945687
8945715
9034617
9034626
9034642
9936797
9936809
9936811
9937170
9937295
9937310
10178127
10178239
10616280
10658300
10658800
10660575
10660672
10660733
10660965
10663728
10665988
10694603
10763330
10818239
10818366
10838508
10844087
10844124
10844297
10848197
10848287
10854841
10429440
10429741
10429920
10430372
10431292
10432159
10432605
10438227
10671407
10672020
10673517
10674325
10690166
10690209
10690381
10690386
10920502
10920519
10920526
10920536
10920554
10920559
10920564
10939630
10939632
10939698
10940042
10941711
10942641
10942663
10942676
10942679
10942683
10943433
10943439
10943871
10439033
10439116
10439307
10439802
10439959
10440039
10440144
10615069
10943813
10958694
10961170
10966503
10968562
10968908
10969709
10971595
11066695
11066934
11066945
11068076
11100732
11105836
11109190
11109324
11134051
11134056
11134060
11134070
11134078
11134081
11134096
11134102
11134297
11137108
24437663
11142116
10781223
10781347
10781396
10781750
10782045
10782495
10782858
10783079
11058235
11058246
11058266
11061317
11061332
11061379
11061558
11061573
11166014
11166020
11166024
11166033
11166035
11166043
11166045
11166052
11179330
11179343
11179359
11193600
11249639
11254777
11257006
11258176
11259139
23605180
23611123
23611582
10819925
10822141
10841600
10843182
10843719
10851295
10857715
10857797
11061988
11166061
11166077
11166081
11166093
11166101
11169852
11169855
23667252
23667882
23668109
23668998
23669278
23670635
23671040
23672090
23672325
23672676
23682684
23684590
23685351
23685759
23686557
23687258
23688789
23691505
23701965
23710334
10954617
10956782
10972618
10974840
10978627
11021801
11022812
11045243
11185035
11187665
11187988
11188064
11191971
11192717
11195709
11204629
23750535
23751044
23751359
23754014
23752226
23752310
23752995
23754057
23783285
23789791
23790332
23790987
23797299
23800570
23802762
23804310
23804715
23809074
23810867
23825115
11228690
11229917
23828867
23831516
23832645
23833716
23834909
23835040
23845032
23849937
23855388
23866392
23877649
23878441
23881800
23881985
24067884
24068933
24069380
24069749
24074513
2245511
24085289
24086779
24087128
24092528
24093264
24095192
24096351
24101468
24108431
24106543
24129580
24130073
24133520
24156270
24070500
24077222
24147801
24148728
24149346
24152385
24152918
24153371
26274145
24166302
24167169
24177203
24183497
24186897
24188440
24206372
24288651
24288791
24297547
24298129
24299187
24299966
24302897
24303247
24307053
24313581
24314126
24315788
24316129
24317275
24333172
24334702
24337870
24338349
24340161
24342099
24163411
24163765
24163971
24164506
24164764
24165003
24166610
24167262
24267693
24272357
24274506
24276001
24276618
24277911
24279642
24280198
24470103
24470569
24470794
24470840
24471158
24474057
24475626
24475645
24477401
24479488
24482589
24490934
24493300
24506972
24536742
24536750
24541498
24545176
24580378
24584501
24595675
24595757
24595768
24595874
24595989
24597137
24597378
24598080
24599860
24603001
24603307
24604081
24604856
24605716
24606358
24609471
24764794
24764813
24764839
24764850
24764851
24765133
24766571
24770875
24783017
24786937
24789951
24791134
24820843
24824763
24829597
24832127
24833186
24835285
24835625
24836925
24619538
24619872
24766412
24767028
24768140
24768161
24768188
24768197
24768207
24769247
24812697
24836956
24838021
24838344
24840105
24840599
24945503
24981553
24986222
24986227
24986242
25045985
25051037
25056022
25056253
25059305
25059958
25060083
25062898
25063613
25063937
25064949
25067965
25102241
25102242
25111206
24770111
24770186
24771101
24771376
24771395
24771429
24771478
24771775
24915451
24915859
24918212
24920020
24920737
24923832
24924324
24928076
25224872
25225259
25226093
25226558
25226793
25227036
25227618
25228328
25232235
25232510
25234801
25236625
25240055
25244720
25244745
25244897
25247427
25248862
25250935
25252734
24941853
24943935
24945734
24945930
24951294
24954064
24955307
24957664
25232584
25233468
25233794
25234275
25236285
25237221
25237984
25239198
25363757
25364245
25365185
25369019
25369753
25370594
25371232
25375114
25377299
25400072
25400411
25403573
25403605
25406450
25411063
25411438
25412357
25413368
25414163
25415771
24974877
24974942
24975321
24975577
24975701
25009990
25011430
25018818
25371163
25371477
25371713
25372194
25372689
25372949
25374842
25375050
25456961
25458979
25459540
25460012
25463075
25463918
25464177
25464239
25464630
25465694
25500043
25501305
25538027
25538931
25540089
2371647
2371658
2371665
2371694
2371699
25033080
25035858
25037120
25038360
25040015
25040200
25048125
25050013
25438675
25438893
25439924
25440250
25440882
25448413
25450381
25459149
2371801
2371804
2371815
25552164
25553610
25553625
25553628
25553689
25554877
25555515
25556937
25557986
25558018
25558424
25559617
25562971
25563285
25565821
25567006
25567583
25108551
25109928
25111183
25114082
25115944
25116196
25118842
25119779
25492801
25495529
25496412
25508598
25524086
25526081
25535218
25535874
2374911
2374916
2374922
2375337
25597226
25603704
25603712
25603719
25603792
25603801
25605971
25610890
25612117
25612125
25614909
25620898
25622148
25623562
25625236
25628378
25129941
25130304
25131458
25131466
25136149
25136753
25137669
25138245
2375491
2376724
25603807
25603812
25603949
25603989
25603993
25604054
25720268
25722173
25763596
25765705
25767292
25778995
25787874
25789186
25789727
25791485
25793491
25797269
25798291
25798915
25800194
25803673
25807558
25808530
25811948
25820839
25147441
25148032
25148872
25152134
25154758
25156368
25158330
25158568
25608998
29212334
25609220
25609236
25609447
25609510
25609515
25609733
25867620
25869519
25870527
25880680
25894085
25900095
25913285
25915121
25917484
25918129
25918150
25918690
25939943
25944393
25945021
25946137
25946372
25947564
25948353
25961728
25202903
25203230
25204153
25204855
25205283
25207439
25207812
25208089
25950400
25951048
25951463
25954938
25955493
25955815
25955975
25968210
26244836
26269842
26272516
26273541
26275046
26276041
26277102
26277564
26279450
26280877
26335063
26337159
26339486
26340478
26343109
26351146
26351448
26361143
26363706
26365658
25469019
25233433
25234888
25236150
25238134
25238820
25240475
25241390
26354722
26368685
26369257
26371318
26429460
26443128
26443130
26446897
26812846
26813339
26814188
26817375
26818181
26821134
26822650
26832031
26838085
26838695
26838953
26840168
26841109
26845661
26852556
26853061
26875127
26875265
26876966
26878544
25897866
25898660
25899927
25901992
25902501
25904941
25908894
25909522
26883885
26884525
26900939
26907153
26914621
26930161
26930354
26930579
27173840
27197565
27198797
27200026
27200054
27200487
27200977
27203926
27207235
27215275
27215674
27225383
27225437
27234990
27235362
27238023
27253683
27254874
27256645
27257317
26873596
26932885
26948792
27250192
27258552
27258694
27259113
27259793
27260272
27260402
27262152
27268252
27270006
27275367
27280594
27281922
27391393
27391477
27399118
27401344
29392211
27408402
27414784
27415636
27417279
27419081
27419368
27438331
27439871
27442763
27446086
27449571
27449764
27449804
27449885
27460961
27397787
27444388
27462982
27473876
27488136
27491154
27515255
27520713
27520997
27521010
27521079
27523247
27525248
27526418
27530592
27544864
27756716
27757654
27767100
27786642
27787295
27788410
27789221
27789459
27791475
27793761
27803895
27804005
27807275
27811195
27815796
27816669
27820077
27820081
27820085
27820089
27755050
27765695
27772938
27775600
27777808
27778551
27778938
27820099
27820108
27820125
27820129
27820156
27820249
27824424
27827755
27829331
27916442
27917312
27917821
27918392
27919889
27921519
27921561
27922120
27925608
27933401
27936910
27937095
27941871
27945557
27946218
27947700
27950681
27953807
27958059
27958974
27862073
27864598
27922732
27938283
27946763
27959100
27972123
27985941
27988605
27989877
27991877
27999293
28001536
28001548
28003677
28006173
28085424
28089834
28096505
28101897
28107075
28109961
28112648
28114371
28142260
28143024
28145037
28145295
28147409
28147425
28147471
28147558
28147613
28159659
28164846
28170396
28078382
28084176
28088158
28090523
28092604
28093674
28146255
28149901
28174056
28176063
28176407
28180171
28181404
28194431
28195273
28195941
28288904
28292362
28295247
28296273
28297789
28299102
28306186
28306398
28312951
28320877
28324261
28326314
28337606
28337871
28338858
6873188
28343497
28362665
28373638
28389674
28235901
28235905
28235908
28235912
28235919
28235936
28235944
28235950
28393395
28394084
28394872
28394912
28395011
28395270
28395582
28397980
28485835
28503987
28504008
28538259
28541262
28542674
28555333
28560193
28564758
28566171
28572585
28607754
28609190
28617239
28637952
28645508
28646178
28236006
28236039
28236047
28236053
28236083
28236091
28236096
28236101
28465944
28470761
28470929
28471024
28471474
28471493
28471674
28471847
28648400
28649115
28650795
28867453
28872047
28891275
28891971
28896471
28899703
28914408
28236148
28236156
28236159
28236162
28236165
28236176
28236181
28236188
28725648
28728166
13077443
13079124
12695137
12695138
12695143
13115914
12657981
12695149
24082120
23719788
24175935
17391961
17392079
24083525
13096422
14757070
18727013
21109130
18691296
28937114
17324880
24616150
18392158
18423880
19476780
29950328
19477134
17675497
2270956
17684349
19476335
14319483
27987813
17699856
20124460
14903985
21249926
17703403
27859387
7592403
25045144
27896761
7750733
14904216
14904466
14904492
27860107
25448312
25047956
21507429
20199396
7575475
7594255
7701558
2233855
4493288
23736038
9470851
30815775
26954130
22718614
11506642
10291427
30153951
21152400
9984040
24606741
6466438
25300542
30263957
31132327
26361005
23462055
28264830
9983771
24088149
25225087
28299925
9914767
23569782
11651499
29131025
8985134
11506703
28776530
8530265
24178614
21512716
24305519
23884696
28321564
15554311
27475392
26673274
10817071
30389681
30473666
26778012
14203845
27524173
11391346
7815697
10291472
11948513
6636377
4503393
20024580
2732877
30053827
29841515
9914900
5286325
9983635
13195511
11443924
28226602
9470400
21376790
8298547
8598240
26343623
6466451
6155562
9983704
24384438
29876930
11391352
21516319
27805990
26770389
9914932
29358201
23743109
9824646
27752141
1376167
19669701
27299606
28289517
13753325
28227049
21146574
29286195
17818029
28696267
10818438
28254584
18397778
29966555
21511995
23921751
21159299
25411727
3870796
3047082
13753310
22853964
28802940
30592869
2427892
21161298
21364292
30594270
15535224
10291439
24449194
26830718
24636583
6465383
12695200
2859812
16165664
18481193
11443946
6485992
8168507
2845658
10607558
18803111
24159294
3238524
8522539
26751905
28141487
20943811
8217850
1376156
21362094
2892166
23884686
8261750
15443733
15375900
9824656
2859763
4613492
8149133
3004902
4583634
29429917
18625445
21011954
10459963
28300427
29472244
9984141
9914850
28298838
16132561
26820549
14208925
9915003
16093690
21427456
9915060
9984043
9914773
9984021
10137771
9984011
9914906
9915035
21196162
10153758
28967870
21598347
22670308
24344878
25370242
24455665
26674559
26760064
27180488
9984095
27293350
10460070
24544098
28687578
29874907
21035914
21274034
10136496
24164339
24167378
5260099
13263704
10951453
26703219
28789643
10393369
17568174
17760785
8085601
8096643
8101265
8127850
8128758
8130428
8130855
8171783
8174493
8215877
8217261
8217350
8221118
8276047
8276994
8277825
8278719
8279490
8174595
8562788
8562792
8562796
8562805
8562806
8562809
8562812
8651378
8827329
8827335
8864563
8864616
8865211
8865221
8865265
9775160
9775163
9775168
9775226
9775231
9775232
9775238
9824425
9824404
9824484
9824501
9825148
9825426
9825371
9869679
9914703
9914709
9914728
9914774
9914782
8562816
9914821
9914822
9914827
9914832
9914837
9914847
9914857
9983561
9983571
9983579
9983581
9983586
9983595
9983603
9983608
10291544
10291552
10291566
10291614
10365100
10393277
10393306
10393316
10393347
10459984
10459996
10460021
10460030
10460087
10548158
10596909
10596958
10607424
10607426
10607439
9914867
9915023
9915031
9915032
9915040
9915048
9915049
9915064
30438290
9983690
9983693
9983697
9983702
9983709
9983710
9983722
10460011
10460078
10690094
10690149
10817156
10817175
10818429
10854547
10886389
10918353
10918361
11196920
11196969
11206325
11206364
11206378
23614527
23626898
23628395
23629433
9983725
9983770
9983776
9983779
9983780
9983788
9983789
9983794
9984013
9984048
9984069
9984075
9984077
9984080
9984085
9984088
24158188
24158796
24159238
24163002
24249898
24249530
24250699
24180652
24169364
24171836
24172680
24237649
24258215
24260650
24277414
24280563
24282726
24283582
24284990
24286837
9983800
9984150
9984155
9984159
9984163
9984168
9984171
9984179
24367554
24372203
24376403
24378417
24380900
24383418
24413617
24414167
24465440
24456754
24457502
24467290
24493314
24493996
24494482
24495556
24495773
24496615
24498148
24513194
24516667
24524433
6511781
24621943
24637461
24638210
24638676
24639418
9984184
28685478
28684067
10137700
10137703
10137705
10137718
10137769
24791985
24870467
25041466
25145936
25147898
25149771
25151357
25153631
25153788
25154685
25156156
25157935
25159839
25220984
25367604
25368291
25368698
25369063
25369389
25371760
25371973
25373396
26247371
25412933
25414095
25598527
25599798
25601313
10137780
25406289
25409064
25415219
25425000
25430692
25433444
25438339
25902815
25907556
25950124
30797144
25961071
25964903
25966174
25977345
26020599
26022744
26057185
26057567
26059170
26062847
26065432
26067208
26190873
26252253
26285790
26459409
26462391
26470086
26471408
26651758
26653075
26653875
26658348
26659489
25443100
25501100
25502236
25505815
25512530
25514957
25516618
25535213
26087112
26094406
26111246
26373328
26614366
26727610
26729874
26731352
26734248
26752176
26754573
26757638
26769593
26972650
27128232
27128717
27129198
27130847
27131782
27132066
27132761
27134243
27178458
27180472
27181518
27182020
27182772
27282893
25535990
25758628
25759780
25760371
25761639
25764275
25766497
25768968
27166050
27167667
27170829
27172287
27188914
27190878
27295767
27300402
27569080
27569641
27572022
27634202
27721976
27724071
27724893
27725321
27726744
27753578
27754450
30653539
27803081
27842673
27886750
27887506
27906384
27908106
27958869
28100178
25769520
25785473
25786642
25788430
25921889
26145221
26145957
26146238
27757916
27759965
27761871
27764089
27765089
27767254
27768390
27800295
27925998
27928105
27984348
28069205
28073069
28086658
30565878
30565158
28626946
28626991
28627028
28627869
28652148
28652165
28652173
28653165
28722640
28723836
28724052
28724860
26146797
26225236
26225837
26226578
26229053
26229862
26233768
26234935
27812893
27814017
27815870
27822913
27826031
27829229
27830826
27831457
28801184
28801314
28802210
28802325
28802533
28802992
28803062
28924774
28928590
28936341
28994322
29000892
29002332
29064720
29065210
29112686
29119088
29121892
29122688
29123647
26237027
26281440
26282727
26287018
26461087
26463087
26464321
26467540
27883282
27884431
27885172
27885972
27889946
27891359
27893072
27894618
29591602
29612847
29613898
29642972
29643257
29682067
29696518
29698554
29813936
29814047
29826466
29826470
29827465
29845076
29949136
30044672
30045987
30047168
30050343
30051691
26649163
26980098
27262887
27521223
27751207
27775305
27800862
27809485
30097311
30098321
30108714
30109229
30109608
30110014
30110615
30135281
30318238
30318954
30319135
30542632
30544936
30544942
30544948
30548070
30550346
30550363
30554244
30555127
30555629
30556258
30557510
30558214
30558584
30558993
30564216
30561298
27810416
29221001
29273299
29285058
29288590
29368081
29371374
29378550
30141612
30142001
30142331
30142916
30143252
30152130
30152309
30152531
30705304
30705311
30705334
30705347
30766748
30769378
30770376
30770978
30772455
30774632
30775345
30797968
30808729
30828015
30828026
30828035
30828040
30835271
30837056
30841536
29384005
29790997
29796768
29813795
29825588
29840413
29841546
29842976
30825422
30826040
30826633
30827491
30828109
30828119
30828262
30829618
30830917
30831494
30842248
30842384
30842567
30842570
30872170
30920555
30920636
30921925
30925174
30925650
30925841
30926008
30926172
30926339
30926539
30988652
31023889
31023909
29843842
30281277
30304817
30420382
30421607
30423278
30425460
30447484
30845684
30845694
30846125
30846527
30846571
30847313
30847316
30848352
4984014
5011196
5011202
5346564
6067608
6067624
6067638
6067662
6111575
6116378
6343150
14688113
15452996
15628160
15635810
15665220
15671558
15744197
15744207
19668155
30455008
30622880
30622887
30622963
30623097
30623251
30625541
30664663
17524016
17563073
17563336
17564204
17568848
17730213
17730512
17732567
17739537
17748094
17749088
17749790
17750788
17755908
17759430
17763866
18098661
18099174
18099868
18112312
18160250
18160973
18161230
18161587
18162331
18204761
18272328
18276287
30664697
31023942
31024269
31025091
31025181
17252540
17269827
17272913
17835134
17835539
25064878
18625914
21339116
18636008
18683210
18802932
18803947
18803977
18809689
18810295
18811595
18813119
18814107
18951367
20993645
18952985
18953180
18953298
18953311
19016432
19142683
19298848
19300894
19367376
19656676
19809827
17274938
20074895
20075716
20076237
20078083
20078642
20081017
20085886
21046929
21113285
21114090
21114286
21269025
21115226
21139473
21140979
21141898
21143630
21144216
21144393
21145005
21145544
21146215
21146258
21146433
21146694
21146846
21146985
21147233
21147420
21147796
21148426
21148736
21148834
21150290
21150691
20087420
20123699
20124801
20125370
20126187
20127569
20128219
20129564
21151616
21155154
21156021
21156936
21158771
21158903
21159788
21159969
21160462
21160603
21160820
21190006
21204408
21215678
21244303
21251384
23430460
21276442
21298450
21298582
21298722
21299171
21299572
21299876
21300271
21300384
21338705
21340697
20130709
20168414
20169434
20172725
20429279
20430810
21189868
21190035
21190222
21190566
21190704
21190917
21192202
21192433
21308348
21308513
21309178
21309365
21309658
21310054
21310646
21311305
21344076
21344212
21344506
21344573
21345623
21345794
21346060
21346323
23164454
21393283
21410619
21449916
21454943
21457816
21193184
21220826
21221181
21221328
21221800
21222352
21224580
21225932
21313654
21314290
21314694
21315061
21316155
21318377
21319195
21330878
21355659
21355737
21355850
21355885
21355969
21356182
21356242
21356336
21529475
21529627
21529692
21529966
21530198
21530385
21530546
21530712
21538700
21556814
21557038
21557155
21227619
21332100
21332140
21332298
21332704
21332824
21332922
21333147
21359701
21359792
21359906
21360153
21360333
21360410
21360471
21360548
21531584
21533848
21534012
21534150
21534343
21534681
21534783
21535085
21558503
21558589
21558811
21558827
21559095
21559227
21559370
21559589
21598103
21598180
21607766
21608790
21333193
21335248
21335785
21335825
21336015
21336180
21336633
21336711
21363318
21363380
21363459
21363581
21363690
21363732
21364211
21374797
21560575
21560617
21560882
21560994
21561061
21561266
21561330
21561360
22270634
22273513
22547709
22551423
22557069
22559504
22562177
22564290
22596919
22597850
22598542
22599262
21336771
21337901
21338035
21338336
21338503
21338701
21338709
21339352
21375414
21375444
21375481
21375566
21375798
21375815
21375918
21375939
22609427
22609665
22610461
22643238
22647985
22649040
22650427
22697374
22698477
22750210
22776743
22781853
22783853
22847175
22854852
22857162
22858280
22861449
23012677
23077224
21339432
21377651
21377654
21377695
21378484
21378666
21378769
21378936
21569702
21569711
21569805
21570942
21571044
21571742
21571842
21571944
22768096
22770154
22771557
22877590
22878025
22878613
22879138
23342534
23366858
23368864
23371752
23418674
11297891
11297899
11297950
11298061
11298090
11298137
11298141
11298164
21380068
21381930
21382071
21382135
21382183
21382346
21382456
21382498
11298375
11298394
11298404
11298413
11298423
11298452
11298467
12521474
12696220
12696234
12885005
12898099
12898103
12898108
12898113
12898118
12992447
13117379
13263507
13291623
13449499
13575177
13575181
13575182
13575188
13575193
13575198
13575203
21382547
21383226
21383362
21383614
21383723
21383879
21383909
21384000
13145489
13145581
13145684
13146082
13146429
13146874
13147221
13147327
29803621
29807719
29796790
29799280
29801858
29800473
29795742
29795464
27955524
29698142
23139774
18282413
9984138
30851624
9470833
21180723
24447467
24453036
24896145
31244059
21384256
21385927
21386104
21386177
21386505
21386522
21405868
21405994
9775136
13147463
9775180
31161994
31184838
31175366
31178225
29395290
26948390
27292158
27184468
27164497
27182458
9984063
9914894
9984017
27998097
27328551
27328372
2827123
2827091
2827121
22845036
30440031
30439997
30440026
31221465
31290542
21406018
21408701
21408815
21409701
21412422
21412475
21412477
21412604
9914858
9914878
31188875
31189433
31180378
31183887
27478273
29892741
31182941
31188141
27295991
31025968
30821195
30369955
30711588
30318608
18679101
30824955
31413889
10460015
26726337
9984024
9983980
29393269
30927007
31357350
31353962
31442310
21412624
21413357
21413441
21413788
21414439
21414551
21414634
21414637
28226028
28257301
28255391
28225716
28227381
29893670
28266227
29944597
31427699
4995212
31287230
18690820
18688554
23603271
8598236
9470474
6772297
9775064
30591642
6666111
6636422
6666118
31425542
31457557
30514513
26451032
26465424
26431865
21415024
21419445
21420152
21421489
21421926
21421982
21422152
21422475
26426406
26369790
26366041
26328842
26351223
26099196
26075672
26089112
30122220
30108554
31225126
28478122
30060856
30036166
29976409
29966939
29953504
29937939
30805128
18724461
31480567
28065816
29797210
29778561
29781522
31426740
29729307
29776399
21422553
23399643
23602938
11509943
11510153
11949579
11949967
11950813
25912618
26429228
26469727
26590128
26157428
26339043
26335056
26068010
30203903
30214590
30199397
30124437
27911259
30905284
30842376
30843073
13433347
21609409
1376092
1376143
4192984
4168886
4116699
2063310
4100437
1376137
30544929
28937468
11963295
24970563
30508411
27813173
27813926
14639646
17127288
10844240
14636388
11471501
26681077
26599136
26591687
26593164
24969684
24543559
24494937
24505150
16125988
25775152
25772709
25768799
14239234
11471156
14237736
11471285
13559083
14238186
29516124
29508796
25767234
25244164
25209178
26056304
29345339
30514388
17249237
28365238
28358524
26986731
26895773
26940749
26938424
26897832
26917291
26916307
26896476
26895462
26896112
26721094
26720031
26717880
26716503
26715961
26705767
26630444
26637905
26633885
28300536
10459941
10291547
10459961
10291589
10690331
10291571
10459946
10291560
11231080
10291480
14692473
21360446
19547094
21542466
23676749
10300942
6466503
11195496
9824718
4615099
2812150
2845662
2859808
4109226
30508732
10291458
10607624
21542379
14166282
10459936
21515450
10607614
28300299
26306544
28486830
28327838
26546442
28295812
28294832
28692263
28834992
13917340
9824666
25547522
25440062
29827515
17144409
6466843
2827134
2827136
17395745
7820546
16957318
9775245
9983783
10607592
23690036
23690306
23900056
24524372
24609012
26091230
26111857
28281690
28301954
28653543
30093306
30438602
30438610
30438612
30438617
30438622
30438624
30439991
30439998
30828027
3816377
16795381
30440002
30440014
30440018
30440022
30440091
30440094
30440102
30440107
31197652
20990711
20939713
29905064
10818306
23013204
23013507
30100658
26853477
23138272
30440148
30440152
30440159
30440163
30440167
30440171
14205290
10818349
18627140
19135872
31176168
19402874
19359104
24505156
23037215
11298384
23139201
18688694
31251388
31253051
31255946
31258498
15599029
31287948
30622970
31295073
30540194
31462877
31463527
31466024
31489530
31489927
31526526
14640683
24698427
25513792
26253666
27026733
29806261
30613108
31025124
21346164
21378408
12666130
12743964
12760860
29904983
23889879
15712348
25339141
30478001
25954681
26183825
17288442
25137978
25768320
29585194
30613155
26067199
24698619
25921859
24699337
