170320
207551
207556
816590
1062760
759101
139356
759104
1010779380
1016129139
1002180
207560
1022802396
167122
351332
251230
1049601324
1053125586
393553
1023972342
1091696734
1043493686
393541
1062757
1115577184
806181
1077929159
129857
969516
645120
1048075402
779755
1012954192
513491
1021644967
1020152631
251228
816591
1016555023
1005563816
351335
1016552525
351338
1002165
1029217342
1002490145
1073443446
136934
1085420022
1025614978
362108
645209
1030792413
1078369273
230288
1015924325
1025536
1101843
1013520913
841228
1017492353
230313
365537
1020769701
361732
759103
1020855809
1069193948
351334
1002420
1079083885
1074478199
1005314371
351339
996111
122462
1106411430
1028927305
627372
1158875073
1002490116
1054417388
924689
1016887418
268083
1047564953
1089475618
1025534603
1024558603
1039721528
1069238402
1007167923
1059547
207540
1001264786
841234
212145
1051250867
931182
1049912962
969506
1025716228
1012488629
1145886066
1062289823
1063973971
1084282185
1025541
1069279686
1028502760
1074169523
1035012
1029015847
1018594127
1013339162
170322
1005314369
1017647194
1024638089
719229
1023716197
1110489182
1070030
361739
1070015
1025712321
1012444716
1092373998
816592
1012489393
1023451061
362111
1074088047
1064445004
362100
525557
1046718674
1026125934
1001264311
1024374248
1016568823
1084282184
1074801881
1125201551
1043921793
579975
757260
1110499603
704975
1002030648
1025544
1108500773
525558
1063973970
1112394
1006751
1052795311
122460
1025539
1002670442
1113338622
1035007
1126858727
1028477167
942867
1089475617
1013636418
1082774666
1026238
1054343703
1026320541
1002607867
1024557067
1025034853
1112784221
1062938085
1076645875
1062899545
1069224199
1019601460
1014847427
1093707455
1075993814
1084464962
1068592
1155531004
1020674787
1011993185
1074486564
1055246547
1050826182
1018593390
1018557794
1077648808
1002043542
1104032473
1033012336
1005314370
996122
1017646797
1025533069
1100543457
1107362632
1059544
1036740542
1024634512
1021567774
627365
393446
1101328218
1002044778
1035017
1054675622
1070017
1069238401
1077650750
1006748
1069568872
1039724520
1062289824
759102
1025528
1052764905
1022122146
1070023
1077876317
1070005
1080304563
969511
1019907289
680125
1096529663
1028222369
1127782563
1021507933
1020423365
996124
1158877544
1005251
1013464547
169773
212146
1063221246
1084469558
1033772000
1005514145
1069279685
1076110495
627373
1031427941
1081245
1080850745
1069244102
1035013
1135755013
1010751887
1084469559
1068599
1084713814
1006282553
1026188
1026189
1023262916
1005791355
1069257755
1046774188
1033360923
1117008412
1017290603
715747
1035014
1074130009
1079580068
1115708827
1061811390
1045201120
1030652
1041905662
1118624233
1069255065
169765
1063221245
704974
1025506
1104032472
942865
1069613856
1006730
1014635070
1036823876
747231
1002043077
1025589819
1037130018
1019851054
1016725947
1033027512
1033060537
1014540098
1027336547
1105005577
1003625243
1017461008
1021739461
1012487499
1005211
1052911587
1074488440
1081214289
1059527
1005795313
1032208612
1081891444
1003159033
1002486461
1049604166
1129100838
1100865114
1089475620
1017450067
1069937512
1096487734
1084361492
1107751609
719275
1017544504
1028577737
1096396927
1099295770
1005228
1079508623
1016112956
1002028270
1028541908
1105026821
1082434044
1072234016
1086626054
1113890407
1096516860
1018842058
1023656422
1072800374
1062304929
1027127090
365527
719245
1102139161
1014817400
1025988841
1036870182
704976
1025493
1069598371
1019624066
1072212671
1011376218
1028613464
1006693
1062940
1125020024
1015377296
1035008
1062608717
1080995160
1069250916
1112127869
1139557488
1049494679
1062681672
1112399
1107749416
1112401
1038618211
1027043806
212147
1046999292
1098927111
1015705174
1051519702
759100
1026101206
1049603170
1028893308
942866
1003156967
1125020023
1069224198
1043940607
1022117883
1026171239
1011970564
1017486796
1025488
1032891921
1016704512
1069628952
1117159
1105653019
1072332138
1105653020
1084278424
1034090897
1107530073
1030651
1019392011
1069235023
1034899865
1034483874
1116712176
1049915894
1015377513
1038619441
1069890621
1029205458
1031513507
1018684331
1025487
1149302665
1017825622
1006450680
1010678535
1020018178
1076316011
1026198
1072447532
1028222288
1124108
1002089709
1012246610
1026640583
1006204410
1061816821
1044803483
1029644334
1122989014
1024938645
680128
1117833264
1010744674
1063405396
1023965470
1111449844
1144055952
1002041410
1097173001
1096525182
1037811314
1028509302
1054785865
1070014
1005795067
393551
1016570471
1112405
1020124316
1027176644
1109532567
1003156978
1012996572
1034610319
1074033231
1008062031
1134491308
1015936319
1081750869
1031455234
1025609166
1027350844
1069244101
1057583273
1055084768
1063405394
1084486143
1096480371
1006364431
1018557932
1024388570
1031783645
1074036772
1025698276
1094387912
1019854863
1014989101
1132033842
1062310484
1076724348
942862
1018476102
1019476293
1029140097
1075910115
1076233340
1103635184
1069906454
1011425383
1055211471
1138148174
1031410927
1025709421
1112397
1084383284
1143334224
353048
